{"platform": "GoDaddy Website Builder","client": "desktop","n": "5360","fast": "0.95279850746268657","avg": "0.044776119402985072","slow": "0.0024253731343283581"}
{"platform": "GitHub","client": "desktop","n": "14838","fast": "0.890281709125219","avg": "0.10756166599272139","slow": "0.0021566248820595766"}
{"platform": "Squarespace","client": "desktop","n": "54401","fast": "0.85783349570779954","avg": "0.13988713442767597","slow": "0.002279369864524549"}
{"platform": "Wix","client": "desktop","n": "46723","fast": "0.7764056246388289","avg": "0.21723776298610961","slow": "0.0063566123750615332"}
{"platform": "GoDaddy Website Builder","client": "mobile","n": "22053","fast": "0.753956377817077","avg": "0.22708928490454813","slow": "0.018954337278374825"}
{"platform": "Shopify","client": "desktop","n": "144413","fast": "0.74709340571832172","avg": "0.2459335378393912","slow": "0.0069730564422870516"}
{"platform": "GitHub","client": "mobile","n": "10516","fast": "0.71310384176492958","avg": "0.28014454165081781","slow": "0.0067516165842525675"}
{"platform": "AlwaysData","client": "desktop","n": "807","fast": "0.71003717472118955","avg": "0.25650557620817843","slow": "0.033457249070631967"}
{"platform": "Seravo","client": "desktop","n": "1170","fast": "0.70341880341880347","avg": "0.25470085470085468","slow": "0.041880341880341877"}
{"platform": "Netlify","client": "desktop","n": "14209","fast": "0.69047786614117812","avg": "0.29671335069322263","slow": "0.012808783165599268"}
{"platform": "Weebly","client": "desktop","n": "11980","fast": "0.69006677796327209","avg": "0.2993322203672788","slow": "0.010601001669449082"}
{"platform": "Squarespace","client": "mobile","n": "81043","fast": "0.68738817664696517","avg": "0.29569487802771366","slow": "0.016916945325321127"}
{"platform": "Seravo","client": "mobile","n": "1753","fast": "0.67655447803764979","avg": "0.2652595550484883","slow": "0.05818596691386195"}
{"platform": "Vercel","client": "desktop","n": "11853","fast": "0.67518771618999407","avg": "0.26735847464776852","slow": "0.057453809162237406"}
{"platform": "AlwaysData","client": "mobile","n": "1385","fast": "0.65848375451263541","avg": "0.30108303249097473","slow": "0.04043321299638989"}
{"platform": "Shopify","client": "mobile","n": "221859","fast": "0.590906837225445","avg": "0.394606484298586","slow": "0.014486678475968972"}
{"platform": "Zone.eu","client": "desktop","n": "3211","fast": "0.57396449704142016","avg": "0.31859233883525384","slow": "0.10744316412332607"}
{"platform": "Acquia","client": "desktop","n": "9417","fast": "0.5705638738451736","avg": "0.35839439311882765","slow": "0.071041733035998728"}
{"platform": "Wix","client": "mobile","n": "181069","fast": "0.5634481882597242","avg": "0.41517874401471261","slow": "0.021373067725563182"}
{"platform": "Pantheon","client": "desktop","n": "13945","fast": "0.51946934385084265","avg": "0.39046253137325204","slow": "0.090068124775905339"}
{"platform": "WP Engine","client": "desktop","n": "81768","fast": "0.49195284218765289","avg": "0.43310341453869483","slow": "0.074943743273652288"}
{"platform": "Zone.eu","client": "mobile","n": "4476","fast": "0.47631814119749777","avg": "0.38650580875781948","slow": "0.13717605004468275"}
{"platform": "Netlify","client": "mobile","n": "17982","fast": "0.46490935379824266","avg": "0.4924924924924925","slow": "0.04259815370926482"}
{"platform": "000webhost","client": "desktop","n": "106","fast": "0.46226415094339623","avg": "0.42452830188679247","slow": "0.11320754716981132"}
{"platform": "Vercel","client": "mobile","n": "14045","fast": "0.44891420434318263","avg": "0.42897828408686367","slow": "0.12210751156995373"}
{"platform": "WP-Cloud","client": "desktop","n": "379","fast": "0.41688654353562005","avg": "0.43799472295514513","slow": "0.14511873350923482"}
{"platform": "Weebly","client": "mobile","n": "28716","fast": "0.41502994846078839","avg": "0.54892742721827548","slow": "0.036042624320936065"}
{"platform": "Liquid Web","client": "desktop","n": "726","fast": "0.39669421487603307","avg": "0.47382920110192839","slow": "0.12947658402203857"}
{"platform": "WP-Cloud","client": "mobile","n": "855","fast": "0.37660818713450295","avg": "0.49941520467836259","slow": "0.1239766081871345"}
{"platform": "Hostinger","client": "desktop","n": "121","fast": "0.371900826446281","avg": "0.58677685950413228","slow": "0.041322314049586778"}
{"platform": "Automattic","client": "desktop","n": "34517","fast": "0.35394153605469769","avg": "0.59083929657849754","slow": "0.05521916736680476"}
{"platform": "Acquia","client": "mobile","n": "9892","fast": "0.34350990699555195","avg": "0.50384148807116858","slow": "0.15264860493327942"}
{"platform": "000webhost","client": "mobile","n": "205","fast": "0.32682926829268294","avg": "0.5024390243902439","slow": "0.17073170731707318"}
{"platform": "Pantheon","client": "mobile","n": "13661","fast": "0.29302393675426397","avg": "0.55266817948905644","slow": "0.15430788375667959"}
{"platform": "WP Engine","client": "mobile","n": "88892","fast": "0.25460108896188632","avg": "0.57613733519326826","slow": "0.16926157584484544"}
{"platform": "Liquid Web","client": "mobile","n": "798","fast": "0.25062656641604009","avg": "0.4949874686716792","slow": "0.25438596491228072"}
{"platform": "Flywheel","client": "desktop","n": "16961","fast": "0.23683745062201522","avg": "0.49867342727433522","slow": "0.26448912210364955"}
{"platform": "HubSpot","client": "desktop","n": "17107","fast": "0.23317940024551354","avg": "0.6325480797334424","slow": "0.134272520021044"}
{"platform": "Kinsta","client": "desktop","n": "16993","fast": "0.20225975401635968","avg": "0.62896486788677686","slow": "0.16877537809686341"}
{"platform": "SiteGround","client": "desktop","n": "35446","fast": "0.17674772893979573","avg": "0.49985894035998418","slow": "0.32339333070022"}
{"platform": "Hostinger","client": "mobile","n": "572","fast": "0.1555944055944056","avg": "0.68181818181818177","slow": "0.16258741258741258"}
{"platform": "Flywheel","client": "mobile","n": "19874","fast": "0.15019623628861831","avg": "0.46331890912750329","slow": "0.38648485458387843"}
{"platform": "Automattic","client": "mobile","n": "107952","fast": "0.14889024751741514","avg": "0.791953831332444","slow": "0.0591559211501408"}
{"platform": "SiteGround","client": "mobile","n": "57495","fast": "0.11771458387685886","avg": "0.42353248108531177","slow": "0.45875293503782938"}
{"platform": "HubSpot","client": "mobile","n": "17068","fast": "0.096320599953128666","avg": "0.5825521443637216","slow": "0.32112725568314976"}
{"platform": "Kinsta","client": "mobile","n": "19675","fast": "0.083811944091486665","avg": "0.55583227445997463","slow": "0.36035578144853875"}