{"platform":"WP Engine","client":"desktop","n":"49185","fast":"0.33163892973045944","avg":"0.40097414549481664","slow":"0.26738692477473874"}
{"platform":"WP Engine","client":"mobile","n":"46077","fast":"0.264206347017381","avg":"0.4634027661982628","slow":"0.27239088678436885"}
{"platform":"Siteground","client":"mobile","n":"40645","fast":"0.16308457225812592","avg":"0.32650919596765243","slow":"0.51040623177423"}
{"platform":"Siteground","client":"desktop","n":"38196","fast":"0.14027402583116547","avg":"0.38918725003570587","slow":"0.4705387241331294"}
{"platform":"Automattic","client":"mobile","n":"19205","fast":"0.10755314699072195","avg":"0.6962744920683726","slow":"0.1961723609409044"}
{"platform":"Automattic","client":"desktop","n":"18661","fast":"0.10780546102127278","avg":"0.7198528820359992","slow":"0.17234165694272527"}
{"platform":"GitHub","client":"desktop","n":"8969","fast":"0.4178820253883242","avg":"0.4930765588684385","slow":"0.08904141574323537"}
{"platform":"Pantheon","client":"desktop","n":"8540","fast":"0.2992036590761145","avg":"0.4631471397085524","slow":"0.23764920121533065"}
{"platform":"Pantheon","client":"mobile","n":"7757","fast":"0.2492050991833095","avg":"0.4565766202581876","slow":"0.2942182805584986"}
{"platform":"Acquia","client":"desktop","n":"7422","fast":"0.352144224226939","avg":"0.4550537952467629","slow":"0.19280198052633152"}
{"platform":"Acquia","client":"mobile","n":"6879","fast":"0.26132454143361633","avg":"0.4703832047587469","slow":"0.2682922538076309"}
{"platform":"HubSpot","client":"desktop","n":"5175","fast":"0.2717731962314009","avg":"0.6012442599468603","slow":"0.12698254382173962"}
{"platform":"HubSpot","client":"mobile","n":"4210","fast":"0.23216195956038949","avg":"0.5716219655194836","slow":"0.19621607492012835"}
{"platform":"GitHub","client":"mobile","n":"4120","fast":"0.36546221705360754","avg":"0.5175295325175505","slow":"0.11700825042884377"}
{"platform":"Kinsta","client":"desktop","n":"3771","fast":"0.25022789723402383","avg":"0.452478050823496","slow":"0.2972940519424823"}
{"platform":"Kinsta","client":"mobile","n":"3641","fast":"0.24831247485864244","avg":"0.4302192751356934","slow":"0.32146825000566315"}
{"platform":"Netlify","client":"desktop","n":"3412","fast":"0.3698802914377064","avg":"0.49812832078322505","slow":"0.13199138777906994"}
{"platform":"Netlify","client":"mobile","n":"2567","fast":"0.30721102577744464","avg":"0.5323546579491332","slow":"0.16043431627342405"}
{"platform":"Seravo","client":"mobile","n":"503","fast":"0.34120696348025464","avg":"0.520569674403325","slow":"0.1382233621164228"}
{"platform":"AlwaysData","client":"mobile","n":"481","fast":"0.24740680745995888","avg":"0.5382065936836152","slow":"0.21438659885642838"}
{"platform":"AlwaysData","client":"desktop","n":"481","fast":"0.2911983991280774","avg":"0.4933908936056347","slow":"0.21541070726629075"}
{"platform":"Seravo","client":"desktop","n":"428","fast":"0.3106598516380129","avg":"0.5185524984593691","slow":"0.1707876499026193"}