{"platform":"GoDaddy Website Builder","client":"desktop","n":"4605","fast":0.9509229098805646,"avg":0.046905537459283386,"slow":0.0021715526601520088}
{"platform":"GitHub","client":"desktop","n":"13502","fast":0.90097763294326771,"avg":0.0976892312250037,"slow":0.0013331358317286328}
{"platform":"Squarespace","client":"desktop","n":"48823","fast":0.85463818282366921,"avg":0.143661798742396,"slow":0.0017000184339348258}
{"platform":"Shopify","client":"desktop","n":"134127","fast":0.786582865493152,"avg":0.20891393977349826,"slow":0.0045031947333497354}
{"platform":"GoDaddy Website Builder","client":"mobile","n":"16054","fast":0.76635106515510154,"avg":0.2168929861716706,"slow":0.016755948673227855}
{"platform":"GitHub","client":"mobile","n":"9025","fast":0.74614958448753466,"avg":0.24986149584487535,"slow":0.003988919667590028}
{"platform":"AlwaysData","client":"desktop","n":"824","fast":0.73058252427184467,"avg":0.23786407766990292,"slow":0.031553398058252427}
{"platform":"Netlify","client":"desktop","n":"12619","fast":0.71154608130596719,"avg":0.27720104604168316,"slow":0.011252872652349631}
{"platform":"Squarespace","client":"mobile","n":"66892","fast":0.70504694133827661,"avg":0.28200681695867968,"slow":0.012946241703043712}
{"platform":"Vercel","client":"desktop","n":"9306","fast":0.70019342359767889,"avg":0.24489576617236192,"slow":0.054910810229959167}
{"platform":"Wix","client":"desktop","n":"41961","fast":0.68847262934629772,"avg":0.30504516098281736,"slow":0.0064822096708848694}
{"platform":"Seravo","client":"desktop","n":"964","fast":0.68153526970954359,"avg":0.27385892116182575,"slow":0.044605809128630707}
{"platform":"Weebly","client":"desktop","n":"10002","fast":0.671865626874625,"avg":0.3198360327934413,"slow":0.0082983403319336138}
{"platform":"Seravo","client":"mobile","n":"1544","fast":0.67098445595854928,"avg":0.27331606217616583,"slow":0.055699481865284971}
{"platform":"Shopify","client":"mobile","n":"193236","fast":0.65327371711275328,"avg":0.33677989608561554,"slow":0.0099463868016311657}
{"platform":"AlwaysData","client":"mobile","n":"1134","fast":0.64902998236331566,"avg":0.30952380952380953,"slow":0.041446208112874777}
{"platform":"Zone.eu","client":"desktop","n":"2946","fast":0.57230142566191444,"avg":0.32043448744059744,"slow":0.10726408689748812}
{"platform":"Acquia","client":"desktop","n":"8975","fast":0.57025069637883008,"avg":0.3598885793871866,"slow":0.06986072423398329}
{"platform":"Wix","client":"mobile","n":"141738","fast":0.51927500035276353,"avg":0.45978495534013464,"slow":0.020940044307101835}
{"platform":"Pantheon","client":"desktop","n":"12934","fast":0.50889129426318236,"avg":0.3996443482294727,"slow":0.091464357507344982}
{"platform":"Netlify","client":"mobile","n":"14652","fast":0.50839475839475834,"avg":0.45891345891345892,"slow":0.032691782691782689}
{"platform":"WP Engine","client":"desktop","n":"76611","fast":0.49983683805197687,"avg":0.43236610930545222,"slow":0.06779705264257091}
{"platform":"Vercel","client":"mobile","n":"10395","fast":0.49581529581529582,"avg":0.39230399230399232,"slow":0.11188071188071189}
{"platform":"Zone.eu","client":"mobile","n":"3853","fast":0.4832597975603426,"avg":0.38541396314560084,"slow":0.13132623929405657}
{"platform":"Weebly","client":"mobile","n":"21330","fast":0.42817627754336612,"avg":0.54533520862634788,"slow":0.026488513830285981}
{"platform":"Liquid Web","client":"desktop","n":"834","fast":0.4040767386091127,"avg":0.4844124700239808,"slow":0.11151079136690648}
{"platform":"Automattic","client":"desktop","n":"31457","fast":0.37412976444034712,"avg":0.57297262930349369,"slow":0.052897606256159205}
{"platform":"Acquia","client":"mobile","n":"9316","fast":0.3637827393731215,"avg":0.496672391584371,"slow":0.13954486904250751}
{"platform":"Pantheon","client":"mobile","n":"12564","fast":0.29258198026106336,"avg":0.55396370582617,"slow":0.15345431391276662}
{"platform":"WP Engine","client":"mobile","n":"80991","fast":0.26905458631205936,"avg":0.57745922386438,"slow":0.15348618982356063}
{"platform":"Liquid Web","client":"mobile","n":"903","fast":0.25027685492801771,"avg":0.52823920265780733,"slow":0.22148394241417496}
{"platform":"Flywheel","client":"desktop","n":"15708","fast":0.24866310160427807,"avg":0.51406926406926412,"slow":0.23726763432645787}
{"platform":"HubSpot","client":"desktop","n":"14765","fast":0.21991195394514054,"avg":0.63887571960717915,"slow":0.14121232644768034}
{"platform":"Kinsta","client":"desktop","n":"15803","fast":0.19154590900461937,"avg":0.6190596722141366,"slow":0.18939441878124408}
{"platform":"SiteGround","client":"desktop","n":"33905","fast":0.18938209703583542,"avg":0.50508774517032884,"slow":0.30553015779383574}
{"platform":"Flywheel","client":"mobile","n":"17537","fast":0.16587785824257284,"avg":0.48109710896960711,"slow":0.35302503278782005}
{"platform":"Automattic","client":"mobile","n":"84853","fast":0.1573073432878036,"avg":0.79001331714848033,"slow":0.052679339563716072}
{"platform":"SiteGround","client":"mobile","n":"48830","fast":0.12965390129019044,"avg":0.43909481875895967,"slow":0.43125127995084989}
{"platform":"HubSpot","client":"mobile","n":"14511","fast":0.09385983047343395,"avg":0.57218661704913509,"slow":0.33395355247743091}
{"platform":"Kinsta","client":"mobile","n":"17748","fast":0.085136353391931485,"avg":0.533693937345053,"slow":0.38116970926301558}
