{"platform":"WP Engine","client":"desktop","n":"49185","fast":"0.33163892973045894","avg":"0.40097414549481514","slow":"0.26738692477473824"}
{"platform":"WP Engine","client":"mobile","n":"46077","fast":"0.2642063470173807","avg":"0.463402766198262","slow":"0.27239088678436846"}
{"platform":"Siteground","client":"mobile","n":"40645","fast":"0.16308457225812617","avg":"0.3265091959676527","slow":"0.5104062317742302"}
{"platform":"Siteground","client":"desktop","n":"38196","fast":"0.1402740258311653","avg":"0.3891872500357061","slow":"0.4705387241331301"}
{"platform":"Automattic","client":"mobile","n":"19205","fast":"0.10755314699072173","avg":"0.6962744920683704","slow":"0.1961723609409039"}
{"platform":"Automattic","client":"desktop","n":"18661","fast":"0.10780546102127285","avg":"0.719852882036","slow":"0.1723416569427252"}
{"platform":"GitHub","client":"desktop","n":"8969","fast":"0.417882025388325","avg":"0.4930765588684385","slow":"0.08904141574323544"}
{"platform":"Pantheon","client":"desktop","n":"8540","fast":"0.2992036590761139","avg":"0.4631471397085516","slow":"0.23764920121533062"}
{"platform":"Pantheon","client":"mobile","n":"7757","fast":"0.24920509918330924","avg":"0.4565766202581868","slow":"0.29421828055849936"}
{"platform":"Acquia","client":"desktop","n":"7422","fast":"0.3521442242269383","avg":"0.45505379524676254","slow":"0.19280198052633124"}
{"platform":"Acquia","client":"mobile","n":"6879","fast":"0.26132454143361583","avg":"0.47038320475874634","slow":"0.2682922538076306"}
{"platform":"HubSpot","client":"desktop","n":"5175","fast":"0.27177319623140145","avg":"0.6012442599468603","slow":"0.1269825438217395"}
{"platform":"HubSpot","client":"mobile","n":"4210","fast":"0.23216195956038954","avg":"0.5716219655194847","slow":"0.19621607492012857"}
{"platform":"GitHub","client":"mobile","n":"4120","fast":"0.36546221705360793","avg":"0.5175295325175516","slow":"0.1170082504288439"}
{"platform":"Kinsta","client":"desktop","n":"3771","fast":"0.2502278972340233","avg":"0.45247805082349524","slow":"0.29729405194248176"}
{"platform":"Kinsta","client":"mobile","n":"3641","fast":"0.24831247485864213","avg":"0.43021927513569247","slow":"0.3214682500056635"}
{"platform":"Netlify","client":"desktop","n":"3412","fast":"0.3698802914377062","avg":"0.4981283207832239","slow":"0.1319913877790693"}
{"platform":"Netlify","client":"mobile","n":"2567","fast":"0.3072110257774444","avg":"0.532354657949132","slow":"0.1604343162734237"}
{"platform":"Liquid Web","client":"desktop","n":"1693","fast":"0.2591883725016646","avg":"0.46904149593611616","slow":"0.27177013156222274"}
{"platform":"Liquid Web","client":"mobile","n":"1636","fast":"0.25817921364124596","avg":"0.4542458785590566","slow":"0.2875749077997008"}
{"platform":"Seravo","client":"mobile","n":"503","fast":"0.3412069634802546","avg":"0.520569674403325","slow":"0.13822336211642283"}
{"platform":"AlwaysData","client":"mobile","n":"481","fast":"0.24740680745995897","avg":"0.5382065936836162","slow":"0.21438659885642838"}
{"platform":"AlwaysData","client":"desktop","n":"481","fast":"0.29119839912807743","avg":"0.4933908936056343","slow":"0.2154107072662907"}
{"platform":"Seravo","client":"desktop","n":"428","fast":"0.3106598516380129","avg":"0.5185524984593683","slow":"0.17078764990261933"}
