[
  {"platform":"WP Engine","client":"desktop","n":"48473","fast":"0.33081111476969116","avg":"0.4011987832508836","slow":"0.26799010197943524"},
  {"platform":"WP Engine","client":"mobile","n":"45516","fast":"0.2632798511219113","avg":"0.4628957569319032","slow":"0.27382439194619596"},
  {"platform":"Siteground","client":"mobile","n":"39954","fast":"0.16318474860010504","avg":"0.32713635279460923","slow":"0.5096788986052936"},
  {"platform":"Siteground","client":"desktop","n":"37420","fast":"0.1407492834949413","avg":"0.3896456116839031","slow":"0.46960510482115625"},
  {"platform":"Automattic","client":"mobile","n":"19200","fast":"0.10608305823102541","avg":"0.6972111372575865","slow":"0.19670580451138514"},
  {"platform":"Automattic","client":"desktop","n":"18622","fast":"0.10711133920726612","avg":"0.7202806450629304","slow":"0.17260801572980267"},
  {"platform":"Pantheon","client":"desktop","n":"8336","fast":"0.29925252331998126","avg":"0.46181542433535655","slow":"0.23893205234466108"},
  {"platform":"Pantheon","client":"mobile","n":"7585","fast":"0.24942332183222216","avg":"0.4560568537034323","slow":"0.29451982446434266"},
  {"platform":"Acquia","client":"desktop","n":"7411","fast":"0.3534343705459006","avg":"0.45407020073152665","slow":"0.1924954287226062"},
  {"platform":"Acquia","client":"mobile","n":"6939","fast":"0.26463535432014684","avg":"0.46946200937902466","slow":"0.26590263630082234"},
  {"platform":"HubSpot","client":"desktop","n":"5084","fast":"0.2716571158878706","avg":"0.602796439854749","slow":"0.12554644425738157"},
  {"platform":"HubSpot","client":"mobile","n":"4160","fast":"0.23117503685980048","avg":"0.5718847410630948","slow":"0.19694022207710707"},
  {"platform":"Kinsta","client":"desktop","n":"3544","fast":"0.2483935471262894","avg":"0.4566319845665084","slow":"0.29497446830720386"},
  {"platform":"Kinsta","client":"mobile","n":"3415","fast":"0.2460367970747185","avg":"0.4332116691691505","slow":"0.32075153375613175"},
  {"platform":"Seravo","client":"mobile","n":"492","fast":"0.3399167178715082","avg":"0.5198544743890642","slow":"0.1402288077394302"},
  {"platform":"Seravo","client":"desktop","n":"414","fast":"0.3090194284542249","avg":"0.5199951961871759","slow":"0.1709853753585996"}
]
