{"platform":"WPEngine","client":"desktop","n":"49185","fast":"0.33163892973045944","avg":"0.4009741454948154","slow":"0.2673869247747389"}
{"platform":"WPEngine","client":"mobile","n":"46077","fast":"0.26420634701738077","avg":"0.4634027661982629","slow":"0.2723908867843687"}
{"platform":"Siteground","client":"mobile","n":"40645","fast":"0.16308457225812636","avg":"0.32650919596765215","slow":"0.5104062317742308"}
{"platform":"Siteground","client":"desktop","n":"38196","fast":"0.14027402583116552","avg":"0.38918725003570626","slow":"0.47053872413313047"}
{"platform":"Automattic","client":"mobile","n":"19205","fast":"0.10755314699072198","avg":"0.6962744920683731","slow":"0.1961723609409039"}
{"platform":"Automattic","client":"desktop","n":"18661","fast":"0.10780546102127297","avg":"0.7198528820359993","slow":"0.17234165694272524"}
{"platform":"GitHub","client":"desktop","n":"8969","fast":"0.4178820253883241","avg":"0.493076558868439","slow":"0.08904141574323549"}
{"platform":"Pantheon","client":"desktop","n":"8540","fast":"0.29920365907611396","avg":"0.4631471397085523","slow":"0.2376492012153309"}
{"platform":"Pantheon","client":"mobile","n":"7757","fast":"0.24920509918330888","avg":"0.4565766202581873","slow":"0.29421828055849863"}
{"platform":"Acquia","client":"desktop","n":"7423","fast":"0.3521734342498481","avg":"0.45504061414023217","slow":"0.19278595160994919"}
{"platform":"Acquia","client":"mobile","n":"6880","fast":"0.26132458325926566","avg":"0.4703846205206529","slow":"0.2682907962200759"}
{"platform":"HubSpot","client":"desktop","n":"5175","fast":"0.2717731962314013","avg":"0.6012442599468598","slow":"0.12698254382173968"}
{"platform":"HubSpot","client":"mobile","n":"4210","fast":"0.23216195956038987","avg":"0.5716219655194857","slow":"0.19621607492012866"}
{"platform":"GitHub","client":"mobile","n":"4120","fast":"0.36546221705360754","avg":"0.517529532517552","slow":"0.11700825042884404"}
{"platform":"Kinsta","client":"desktop","n":"3771","fast":"0.25022789723402383","avg":"0.45247805082349685","slow":"0.2972940519424828"}
{"platform":"Kinsta","client":"mobile","n":"3641","fast":"0.24831247485864227","avg":"0.4302192751356926","slow":"0.32146825000566287"}
{"platform":"Seravo","client":"mobile","n":"503","fast":"0.3412069634802549","avg":"0.5205696744033252","slow":"0.1382233621164228"}
{"platform":"AlwaysData","client":"mobile","n":"481","fast":"0.24740680745995935","avg":"0.5382065936836158","slow":"0.21438659885642833"}
{"platform":"AlwaysData","client":"desktop","n":"481","fast":"0.2911983991280776","avg":"0.49339089360563376","slow":"0.21541070726629047"}
{"platform":"Seravo","client":"desktop","n":"428","fast":"0.3106598516380132","avg":"0.5185524984593693","slow":"0.17078764990261946"}
