{"platform":"Shopify","client":"mobile","n":"65124","fast":"0.2605783197356103","avg":"0.48768469391442854","slow":"0.25173698635000347"}
{"platform":"Shopify","client":"desktop","n":"60483","fast":"0.23083760076668097","avg":"0.526420676332069","slow":"0.24274172290126572"}
{"platform":"WP Engine","client":"desktop","n":"51827","fast":"0.3256742218293392","avg":"0.41339831280395317","slow":"0.26092746536671846"}
{"platform":"WP Engine","client":"mobile","n":"48561","fast":"0.26392297172466694","avg":"0.4725112253743241","slow":"0.26356580290102194"}
{"platform":"Siteground","client":"mobile","n":"44042","fast":"0.16253464839748535","avg":"0.32057843367071515","slow":"0.5168869179318074"}
{"platform":"Siteground","client":"desktop","n":"41686","fast":"0.13881003157956642","avg":"0.3830812885683708","slow":"0.4781086798520653"}
{"platform":"Wix","client":"mobile","n":"30530","fast":"0.04947358286494962","avg":"0.720023516089764","slow":"0.23050290104528867"}
{"platform":"Squarespace","client":"desktop","n":"29889","fast":"0.355342934922097","avg":"0.5226125239420473","slow":"0.12204454113585438"}
{"platform":"Squarespace","client":"mobile","n":"29099","fast":"0.3076833746648016","avg":"0.5425217397247103","slow":"0.14979488561048498"}
{"platform":"Wix","client":"desktop","n":"19608","fast":"0.10571082644925454","avg":"0.702955372902633","slow":"0.1913338006481115"}
{"platform":"Automattic","client":"desktop","n":"17960","fast":"0.10411189590766096","avg":"0.7214577407580695","slow":"0.17443036333426915"}
{"platform":"Automattic","client":"mobile","n":"17078","fast":"0.10983905300883408","avg":"0.7000271636075893","slow":"0.1901337833835743"}
{"platform":"GitHub","client":"desktop","n":"9732","fast":"0.40115861561574456","avg":"0.5008760894896848","slow":"0.09796529489456997"}
{"platform":"Weebly","client":"mobile","n":"9183","fast":"0.27992308534282745","avg":"0.565531378775767","slow":"0.15454553588140324"}
{"platform":"Flywheel","client":"desktop","n":"9080","fast":"0.3127684179294873","avg":"0.3669692287153567","slow":"0.3202623533551551"}
{"platform":"Pantheon","client":"desktop","n":"8959","fast":"0.2914452727077383","avg":"0.4672458518515501","slow":"0.24130887544070673"}
{"platform":"Flywheel","client":"mobile","n":"8485","fast":"0.30343727168053675","avg":"0.36430055515879056","slow":"0.33226217316067064"}
{"platform":"Pantheon","client":"mobile","n":"8104","fast":"0.2469798900682387","avg":"0.4581966350715841","slow":"0.29482347486017296"}
{"platform":"Weebly","client":"desktop","n":"8079","fast":"0.3559766238766856","avg":"0.5287629603766202","slow":"0.11526041574669339"}
{"platform":"Acquia","client":"desktop","n":"7585","fast":"0.3451610418037116","avg":"0.45789566554718364","slow":"0.19694329264910418"}
{"platform":"Acquia","client":"mobile","n":"7066","fast":"0.25984170820724967","avg":"0.4711392065935737","slow":"0.26901908519917017"}
{"platform":"HubSpot","client":"desktop","n":"5728","fast":"0.2592424820687896","avg":"0.6038505718937404","slow":"0.1369069460374698"}
{"platform":"HubSpot","client":"mobile","n":"4719","fast":"0.22711250001065503","avg":"0.567392579067333","slow":"0.205494920922013"}
{"platform":"GitHub","client":"mobile","n":"4346","fast":"0.3623792648731328","avg":"0.515301851539213","slow":"0.12231888358765737"}
{"platform":"Kinsta","client":"desktop","n":"4107","fast":"0.24665821394402065","avg":"0.4476311640329239","slow":"0.30571062202305754"}
{"platform":"Kinsta","client":"mobile","n":"3968","fast":"0.2481434035130508","avg":"0.42616283375234787","slow":"0.3256937627346071"}
{"platform":"Netlify","client":"desktop","n":"3837","fast":"0.34081005226313177","avg":"0.5133771404110645","slow":"0.14581280732580368"}
{"platform":"GoDaddy Website Builder","client":"mobile","n":"3764","fast":"0.46012028991823967","avg":"0.42137496685937553","slow":"0.11850474322238691"}
{"platform":"Netlify","client":"mobile","n":"2884","fast":"0.2995051266639055","avg":"0.5344818578098085","slow":"0.16601301552629102"}
{"platform":"GoDaddy Website Builder","client":"desktop","n":"2704","fast":"0.5564888613655603","avg":"0.34683612169258754","slow":"0.09667501694185265"}
{"platform":"Liquid Web","client":"desktop","n":"1833","fast":"0.2530291840389192","avg":"0.45862118075176417","slow":"0.2883496352093188"}
{"platform":"Liquid Web","client":"mobile","n":"1752","fast":"0.256095931181548","avg":"0.4472566206741575","slow":"0.29664744814429855"}
{"platform":"Seravo","client":"mobile","n":"518","fast":"0.34760267818118434","avg":"0.514194058534297","slow":"0.138203263284522"}
{"platform":"AlwaysData","client":"mobile","n":"500","fast":"0.24309037076682344","avg":"0.5507902917913406","slow":"0.20611933744183936"}
{"platform":"AlwaysData","client":"desktop","n":"490","fast":"0.2911859911372352","avg":"0.5058282108291924","slow":"0.2029857980335743"}
{"platform":"Seravo","client":"desktop","n":"417","fast":"0.2917564183927589","avg":"0.5207135293913839","slow":"0.1875300522158573"}
{"platform":"ZEIT Now","client":"desktop","n":"241","fast":"0.26820480745839786","avg":"0.5021624038383966","slow":"0.22963278870320708"}
{"platform":"ZEIT Now","client":"mobile","n":"177","fast":"0.2211555477806647","avg":"0.4785409602307535","slow":"0.300303491988585"}