{"platform":"GoDaddy Website Builder","client":"mobile","n":"2890","fast":0.46091813101750256,"avg":0.42986420467533321,"slow":0.10921766430716326}
{"platform":"GitHub","client":"mobile","n":"4431","fast":0.33982424788295179,"avg":0.53234099144796188,"slow":0.12783476066908092}
{"platform":"Seravo","client":"mobile","n":"580","fast":0.33341313694833391,"avg":0.52015759363229419,"slow":0.14642926941937298}
{"platform":"Squarespace","client":"mobile","n":"28796","fast":0.29291969243767785,"avg":0.537630512072682,"slow":0.16944979548967148}
{"platform":"Flywheel","client":"mobile","n":"8655","fast":0.28466557881068733,"avg":0.3510671211280289,"slow":0.36426730006129682}
{"platform":"Netlify","client":"mobile","n":"2998","fast":0.28158741276288585,"avg":0.538923341903814,"slow":0.17948924533329255}
{"platform":"Weebly","client":"mobile","n":"9173","fast":0.25799806598095676,"avg":0.58008296688465,"slow":0.16191896713440165}
{"platform":"AlwaysData","client":"mobile","n":"456","fast":0.25612685922478551,"avg":0.53686269088350036,"slow":0.20701044989171771}
{"platform":"Shopify","client":"mobile","n":"64793","fast":0.25022451953599945,"avg":0.47800078836574794,"slow":0.27177469209836114}
{"platform":"Liquid Web","client":"mobile","n":"1851","fast":0.24410282449136578,"avg":0.44067312402858672,"slow":0.31522405148003763}
{"platform":"WP Engine","client":"mobile","n":"18752","fast":0.23996479337553148,"avg":0.50024211522022177,"slow":0.25979309140431533}
{"platform":"Acquia","client":"mobile","n":"6694","fast":0.23990926007917052,"avg":0.48089008498647984,"slow":0.27920065493437768}
{"platform":"Kinsta","client":"mobile","n":"4215","fast":0.23222561090178959,"avg":0.41271594954517687,"slow":0.355058439553037}
{"platform":"Pantheon","client":"mobile","n":"8183","fast":0.23066075629408089,"avg":0.46434409860675424,"slow":0.30499514509918768}
{"platform":"ZEIT Now","client":"mobile","n":"199","fast":0.21777943374417361,"avg":0.48580803868187122,"slow":0.29641252757395814}
{"platform":"HubSpot","client":"mobile","n":"4712","fast":0.21301558817584446,"avg":0.5631066170395721,"slow":0.22387779478457431}
{"platform":"SiteGround","client":"mobile","n":"25972","fast":0.18137664841675769,"avg":0.29369293042123268,"slow":0.52493042116205968}
{"platform":"Wix","client":"mobile","n":"31161","fast":0.11365757690664476,"avg":0.66081623214353757,"slow":0.22552619094982643}
{"platform":"Automattic","client":"mobile","n":"21436","fast":0.092178952899861527,"avg":0.69431032706378226,"slow":0.21351072003639407}
{"platform":"GoDaddy Website Builder","client":"desktop","n":"2135","fast":0.62173787187547214,"avg":0.31956699296441732,"slow":0.058695135160111517}
{"platform":"GitHub","client":"desktop","n":"9224","fast":0.40487752775482416,"avg":0.50551710265248317,"slow":0.08960536959270464}
{"platform":"Weebly","client":"desktop","n":"10142","fast":0.39876110796741143,"avg":0.51604761409165545,"slow":0.085191277940935672}
{"platform":"Acquia","client":"desktop","n":"7223","fast":0.3667340124947378,"avg":0.45444762037375835,"slow":0.17881836713152885}
{"platform":"Squarespace","client":"desktop","n":"29615","fast":0.35093724956159045,"avg":0.52146114037511426,"slow":0.12760161006330967}
{"platform":"Netlify","client":"desktop","n":"3886","fast":0.34193502093191069,"avg":0.50976839442496424,"slow":0.14829658464312503}
{"platform":"WP Engine","client":"desktop","n":"22347","fast":0.34029173927327538,"avg":0.43650027256658508,"slow":0.22320798816018542}
{"platform":"Seravo","client":"desktop","n":"506","fast":0.33476098652756403,"avg":0.49855122009930936,"slow":0.16668779337312864}
{"platform":"Flywheel","client":"desktop","n":"9227","fast":0.31477045808619697,"avg":0.34218775474473684,"slow":0.34304178716907613}
{"platform":"Pantheon","client":"desktop","n":"9124","fast":0.31119815463121681,"avg":0.45913120780914196,"slow":0.2296706375596678}
{"platform":"AlwaysData","client":"desktop","n":"464","fast":0.29825963553555834,"avg":0.49992684308667218,"slow":0.20181352137777006}
{"platform":"ZEIT Now","client":"desktop","n":"267","fast":0.281583230114457,"avg":0.49807977965486161,"slow":0.22033699023068259}
{"platform":"Liquid Web","client":"desktop","n":"1941","fast":0.259882938038146,"avg":0.45581420176995441,"slow":0.28430286019189477}
{"platform":"HubSpot","client":"desktop","n":"5686","fast":0.24823141911615848,"avg":0.61274401509540677,"slow":0.13902456578843922}
{"platform":"Kinsta","client":"desktop","n":"4370","fast":0.24467346163725706,"avg":0.44055533091375548,"slow":0.31477120744898324}
{"platform":"Shopify","client":"desktop","n":"59921","fast":0.23392471181906985,"avg":0.51545746089219791,"slow":0.25061782728876209}
{"platform":"Wix","client":"desktop","n":"19288","fast":0.208096908182597,"avg":0.62277235562670019,"slow":0.16913073619070651}
{"platform":"SiteGround","client":"desktop","n":"24909","fast":0.16068007625373318,"avg":0.36307236086440603,"slow":0.47624756288187292}
{"platform":"Automattic","client":"desktop","n":"20430","fast":0.10184227461786896,"avg":0.72598528345709223,"slow":0.1721724419250493}
