[
{  "platform": "GoDaddy Website Builder",  "client": "desktop",  "n": "4929",  "fast": "0.79285859200649222",  "avg": "0.20186650436193954",  "slow": "0.0052749036315682691"}
{  "platform": "GitHub",  "client": "desktop",  "n": "13471",  "fast": "0.57605226041125379",  "avg": "0.42001336203696832",  "slow": "0.0039343775517778935"}
{  "platform": "Squarespace",  "client": "desktop",  "n": "51843",  "fast": "0.474432420963293",  "avg": "0.52068746021642265",  "slow": "0.00488011882028432"}
{  "platform": "Seravo",  "client": "desktop",  "n": "1147",  "fast": "0.43156059285091541",  "avg": "0.50217959895379249",  "slow": "0.066259808195292064"}
{  "platform": "Vercel",  "client": "desktop",  "n": "8044",  "fast": "0.4206862257583292",  "avg": "0.50559423172550966",  "slow": "0.073719542516161113"}
{  "platform": "AlwaysData",  "client": "desktop",  "n": "803",  "fast": "0.410958904109589",  "avg": "0.5429638854296388",  "slow": "0.0460772104607721"}
{  "platform": "Shopify",  "client": "desktop",  "n": "144878",  "fast": "0.37140214525324755",  "avg": "0.62132967048137056",  "slow": "0.0072681842653819079"}
{  "platform": "GoDaddy Website Builder",  "client": "mobile",  "n": "10015",  "fast": "0.33120319520718922",  "avg": "0.62336495257114333",  "slow": "0.0454318522216675"}
{  "platform": "Zone.eu",  "client": "desktop",  "n": "3000",  "fast": "0.32533333333333331",  "avg": "0.51033333333333331",  "slow": "0.16433333333333333"}
{  "platform": "Seravo",  "client": "mobile",  "n": "1325",  "fast": "0.28301886792452829",  "avg": "0.63245283018867926",  "slow": "0.084528301886792459"}
{  "platform": "Weebly",  "client": "desktop",  "n": "13449",  "fast": "0.27280838724068707",  "avg": "0.707636255483679",  "slow": "0.019555357275633876"}
{  "platform": "Netlify",  "client": "desktop",  "n": "12665",  "fast": "0.26632451638373472",  "avg": "0.71354125542834579",  "slow": "0.020134228187919462"}
{  "platform": "Wix",  "client": "desktop",  "n": "46676",  "fast": "0.26306881480846689",  "avg": "0.72375524895020993",  "slow": "0.013175936241323164"}
{  "platform": "Acquia",  "client": "desktop",  "n": "8926",  "fast": "0.24803943535738293",  "avg": "0.647434461124804",  "slow": "0.10452610351781313"}
{  "platform": "AlwaysData",  "client": "mobile",  "n": "891",  "fast": "0.22671156004489337",  "avg": "0.6902356902356902",  "slow": "0.083052749719416383"}
{  "platform": "Zone.eu",  "client": "mobile",  "n": "3233",  "fast": "0.2158985462418806",  "avg": "0.58985462418806067",  "slow": "0.19424682957005876"}
{  "platform": "Pantheon",  "client": "desktop",  "n": "12802",  "fast": "0.19981252929229809",  "avg": "0.68356506795813154",  "slow": "0.11662240274957038"}
{  "platform": "GitHub",  "client": "mobile",  "n": "8454",  "fast": "0.19671161580317009",  "avg": "0.7914596640643482",  "slow": "0.011828720132481665"}
{  "platform": "Shopify",  "client": "mobile",  "n": "181625",  "fast": "0.19511080523055746",  "avg": "0.78147832071576051",  "slow": "0.023410874053682036"}
{  "platform": "WP Engine",  "client": "desktop",  "n": "79754",  "fast": "0.16840534644030394",  "avg": "0.72363768588409361",  "slow": "0.10795696767560248"}
{  "platform": "Squarespace",  "client": "mobile",  "n": "57358",  "fast": "0.16004742145820983",  "avg": "0.81233655287841278",  "slow": "0.027616025663377383"}
{  "platform": "Vercel",  "client": "mobile",  "n": "8371",  "fast": "0.13021144427189105",  "avg": "0.72273324572930353",  "slow": "0.14705530999880539"}
{  "platform": "Liquid Web",  "client": "desktop",  "n": "1205",  "fast": "0.11037344398340249",  "avg": "0.70539419087136934",  "slow": "0.18423236514522823"}
{  "platform": "Weebly",  "client": "mobile",  "n": "16559",  "fast": "0.084123437405640433",  "avg": "0.85427864001449361",  "slow": "0.061597922579865932"}
{  "platform": "Flywheel",  "client": "desktop",  "n": "16378",  "fast": "0.07363536451337159",  "avg": "0.56496519721577731",  "slow": "0.36139943827085114"}
{  "platform": "Netlify",  "client": "mobile",  "n": "13165",  "fast": "0.070565894417014816",  "avg": "0.86623623243448533",  "slow": "0.063197873148499811"}
{  "platform": "Acquia",  "client": "mobile",  "n": "8702",  "fast": "0.056538726729487475",  "avg": "0.71328430245920482",  "slow": "0.23017697081130775"}
{  "platform": "Kinsta",  "client": "desktop",  "n": "16601",  "fast": "0.051081260165050296",  "avg": "0.73417264020239748",  "slow": "0.21474609963255226"}
{  "platform": "SiteGround",  "client": "desktop",  "n": "34437",  "fast": "0.050904550338298923",  "avg": "0.53578999332113719",  "slow": "0.41330545634056393"}
{  "platform": "Pantheon",  "client": "mobile",  "n": "11882",  "fast": "0.049065813836054538",  "avg": "0.73514559838411042",  "slow": "0.21578858777983503"}
{  "platform": "HubSpot",  "client": "desktop",  "n": "13139",  "fast": "0.047111652332749832",  "avg": "0.72220108075195977",  "slow": "0.23068726691529035"}
{  "platform": "Wix",  "client": "mobile",  "n": "103373",  "fast": "0.044634479022568757",  "avg": "0.901482979114469",  "slow": "0.053882541862962284"}
{  "platform": "WP Engine",  "client": "mobile",  "n": "78410",  "fast": "0.032827445478893",  "avg": "0.71853079964290267",  "slow": "0.24864175487820431"}
{  "platform": "Automattic",  "client": "desktop",  "n": "38497",  "fast": "0.024157726576096838",  "avg": "0.87905551081902489",  "slow": "0.0967867626048783"}
{  "platform": "Flywheel",  "client": "mobile",  "n": "16436",  "fast": "0.02001703577512777",  "avg": "0.48405938184473107",  "slow": "0.49592358238014117"}
{  "platform": "SiteGround",  "client": "mobile",  "n": "40633",  "fast": "0.018113356139098761",  "avg": "0.42352275244259591",  "slow": "0.55836389141830534"}
{  "platform": "Liquid Web",  "client": "mobile",  "n": "1197",  "fast": "0.015873015873015872",  "avg": "0.65580618212197161",  "slow": "0.32832080200501251"}
{  "platform": "HubSpot",  "client": "mobile",  "n": "12627",  "fast": "0.00982022649877247",  "avg": "0.55207095905599113",  "slow": "0.43810881444523642"}
{  "platform": "Kinsta",  "client": "mobile",  "n": "16946",  "fast": "0.0065502183406113534",  "avg": "0.56933789684881386",  "slow": "0.42411188481057477"}
{  "platform": "Automattic",  "client": "mobile",  "n": "66700",  "fast": "0.0029835082458770615",  "avg": "0.86211394302848576",  "slow": "0.13490254872563717"}
]
