{"platform":"Shopify","client":"mobile","n":"58456","fast":"0.2657333690150133","avg":"0.485585900514924","slow":"0.24868073047009673"}
{"platform":"Shopify","client":"desktop","n":"54162","fast":"0.2406267373357702","avg":"0.5234375725781312","slow":"0.23593569008611145"}
{"platform":"WP Engine","client":"desktop","n":"49184","fast":"0.3316401698785652","avg":"0.4009702607929403","slow":"0.26738956932850955"}
{"platform":"WP Engine","client":"mobile","n":"46076","fast":"0.2642065573128375","avg":"0.4634024345628312","slow":"0.27239100812434147"}
{"platform":"Siteground","client":"mobile","n":"40645","fast":"0.16308457225812567","avg":"0.32650919596765304","slow":"0.5104062317742295"}
{"platform":"Siteground","client":"desktop","n":"38196","fast":"0.14027402583116538","avg":"0.38918725003570626","slow":"0.4705387241331304"}
{"platform":"Squarespace","client":"desktop","n":"27940","fast":"0.36450943126309293","avg":"0.5177028434959853","slow":"0.11778772524092054"}
{"platform":"Squarespace","client":"mobile","n":"27155","fast":"0.3095029409703018","avg":"0.543669728503105","slow":"0.1468273305265917"}
{"platform":"Wix","client":"mobile","n":"26381","fast":"0.03234331887592489","avg":"0.7000785166694842","slow":"0.2675781644545921"}
{"platform":"Automattic","client":"mobile","n":"19205","fast":"0.10755314699072162","avg":"0.696274492068372","slow":"0.19617236094090384"}
{"platform":"Automattic","client":"desktop","n":"18661","fast":"0.10780546102127302","avg":"0.7198528820360008","slow":"0.17234165694272552"}
{"platform":"Wix","client":"desktop","n":"16566","fast":"0.08340102405739758","avg":"0.6999772173814643","slow":"0.21662175856113644"}
{"platform":"GitHub","client":"desktop","n":"8969","fast":"0.41788202538832364","avg":"0.49307655886843843","slow":"0.08904141574323537"}
{"platform":"Weebly","client":"mobile","n":"8790","fast":"0.2800636154337674","avg":"0.5698001654900775","slow":"0.1501362190761544"}
{"platform":"Pantheon","client":"desktop","n":"8540","fast":"0.2992036590761149","avg":"0.46314713970855353","slow":"0.23764920121533123"}
{"platform":"Flywheel","client":"desktop","n":"8496","fast":"0.3169382702028993","avg":"0.36257649281473453","slow":"0.3204852369823649"}
{"platform":"Weebly","client":"desktop","n":"8347","fast":"0.36198101202913363","avg":"0.5336781479245181","slow":"0.10434084004635001"}
{"platform":"Flywheel","client":"mobile","n":"7963","fast":"0.3004070789228197","avg":"0.36217006980894856","slow":"0.33742285126823"}
{"platform":"Pantheon","client":"mobile","n":"7757","fast":"0.24920509918330888","avg":"0.45657662025818635","slow":"0.29421828055849897"}
{"platform":"Acquia","client":"desktop","n":"7422","fast":"0.35214422422693825","avg":"0.45505379524676215","slow":"0.19280198052633105"}
{"platform":"Acquia","client":"mobile","n":"6879","fast":"0.26132454143361583","avg":"0.470383204758746","slow":"0.26829225380763"}
{"platform":"HubSpot","client":"desktop","n":"5175","fast":"0.2717731962314014","avg":"0.6012442599468584","slow":"0.12698254382173937"}
{"platform":"HubSpot","client":"mobile","n":"4210","fast":"0.2321619595603895","avg":"0.5716219655194844","slow":"0.1962160749201285"}
{"platform":"GitHub","client":"mobile","n":"4120","fast":"0.36546221705360776","avg":"0.5175295325175521","slow":"0.1170082504288439"}
{"platform":"Kinsta","client":"desktop","n":"3771","fast":"0.25022789723402317","avg":"0.4524780508234956","slow":"0.2972940519424821"}
{"platform":"Kinsta","client":"mobile","n":"3641","fast":"0.24831247485864258","avg":"0.43021927513569347","slow":"0.32146825000566337"}
{"platform":"Netlify","client":"desktop","n":"3411","fast":"0.36991653351691006","avg":"0.49813874693584254","slow":"0.13194471954724904"}
{"platform":"Netlify","client":"mobile","n":"2567","fast":"0.30721102577744397","avg":"0.5323546579491322","slow":"0.16043431627342372"}
{"platform":"Liquid Web","client":"desktop","n":"1693","fast":"0.25918837250166404","avg":"0.46904149593611527","slow":"0.2717701315622225"}
{"platform":"Liquid Web","client":"mobile","n":"1636","fast":"0.2581792136412461","avg":"0.45424587855905685","slow":"0.2875749077996999"}
{"platform":"Seravo","client":"mobile","n":"503","fast":"0.34120696348025464","avg":"0.5205696744033251","slow":"0.13822336211642283"}
{"platform":"AlwaysData","client":"mobile","n":"481","fast":"0.24740680745995902","avg":"0.5382065936836152","slow":"0.2143865988564282"}
{"platform":"AlwaysData","client":"desktop","n":"481","fast":"0.29119839912807766","avg":"0.4933908936056345","slow":"0.21541070726629058"}
{"platform":"Seravo","client":"desktop","n":"428","fast":"0.3106598516380132","avg":"0.5185524984593691","slow":"0.17078764990261927"}
{"platform":"ZEIT Now","client":"desktop","n":"399","fast":"0.25447966726647003","avg":"0.45492333121772816","slow":"0.290597001515804"}
{"platform":"ZEIT Now","client":"mobile","n":"296","fast":"0.20613046399606358","avg":"0.42366383076714503","slow":"0.3702057052367942"}