{"platform":"Shopify","client":"mobile","n":"58456","fast":"0.26573336901501404","avg":"0.48558590051492523","slow":"0.24868073047009792"}
{"platform":"Shopify","client":"desktop","n":"54162","fast":"0.24062673733576947","avg":"0.5234375725781285","slow":"0.23593569008611032"}
{"platform":"WP Engine","client":"desktop","n":"49184","fast":"0.3316401698785632","avg":"0.4009702607929388","slow":"0.26738956932850805"}
{"platform":"WP Engine","client":"mobile","n":"46076","fast":"0.2642065573128377","avg":"0.4634024345628316","slow":"0.2723910081243419"}
{"platform":"Siteground","client":"mobile","n":"40645","fast":"0.16308457225812625","avg":"0.3265091959676526","slow":"0.5104062317742303"}
{"platform":"Siteground","client":"desktop","n":"38196","fast":"0.1402740258311652","avg":"0.3891872500357051","slow":"0.47053872413312803"}
{"platform":"Squarespace","client":"desktop","n":"27940","fast":"0.3645094312630924","avg":"0.5177028434959849","slow":"0.1177877252409208"}
{"platform":"Squarespace","client":"mobile","n":"27155","fast":"0.3095029409703017","avg":"0.5436697285031048","slow":"0.14682733052659178"}
{"platform":"Wix","client":"mobile","n":"26381","fast":"0.03234331887592485","avg":"0.7000785166694834","slow":"0.2675781644545913"}
{"platform":"Automattic","client":"mobile","n":"19205","fast":"0.10755314699072198","avg":"0.6962744920683716","slow":"0.19617236094090387"}
{"platform":"Automattic","client":"desktop","n":"18661","fast":"0.10780546102127306","avg":"0.7198528820360003","slow":"0.17234165694272546"}
{"platform":"Wix","client":"desktop","n":"16566","fast":"0.08340102405739763","avg":"0.6999772173814655","slow":"0.21662175856113672"}
{"platform":"GitHub","client":"desktop","n":"8969","fast":"0.4178820253883244","avg":"0.4930765588684385","slow":"0.0890414157432354"}
{"platform":"Pantheon","client":"desktop","n":"8540","fast":"0.29920365907611457","avg":"0.4631471397085535","slow":"0.23764920121533117"}
{"platform":"Pantheon","client":"mobile","n":"7757","fast":"0.24920509918330913","avg":"0.45657662025818685","slow":"0.29421828055849875"}
{"platform":"Acquia","client":"desktop","n":"7422","fast":"0.35214422422693875","avg":"0.45505379524676315","slow":"0.1928019805263313"}
{"platform":"Acquia","client":"mobile","n":"6879","fast":"0.26132454143361616","avg":"0.4703832047587461","slow":"0.2682922538076302"}
{"platform":"HubSpot","client":"desktop","n":"5175","fast":"0.2717731962314013","avg":"0.60124425994686","slow":"0.12698254382173943"}
{"platform":"HubSpot","client":"mobile","n":"4210","fast":"0.23216195956038943","avg":"0.5716219655194845","slow":"0.19621607492012835"}
{"platform":"GitHub","client":"mobile","n":"4120","fast":"0.3654622170536076","avg":"0.5175295325175511","slow":"0.11700825042884355"}
{"platform":"Kinsta","client":"desktop","n":"3771","fast":"0.2502278972340239","avg":"0.4524780508234967","slow":"0.2972940519424827"}
{"platform":"Kinsta","client":"mobile","n":"3641","fast":"0.24831247485864263","avg":"0.43021927513569314","slow":"0.3214682500056633"}
{"platform":"Netlify","client":"desktop","n":"3411","fast":"0.3699165335169097","avg":"0.4981387469358424","slow":"0.13194471954724885"}
{"platform":"Netlify","client":"mobile","n":"2567","fast":"0.307211025777444","avg":"0.5323546579491332","slow":"0.16043431627342328"}
{"platform":"Liquid Web","client":"desktop","n":"1693","fast":"0.2591883725016642","avg":"0.4690414959361161","slow":"0.2717701315622226"}
{"platform":"Liquid Web","client":"mobile","n":"1636","fast":"0.2581792136412458","avg":"0.4542458785590563","slow":"0.2875749077996999"}
{"platform":"Seravo","client":"mobile","n":"503","fast":"0.34120696348025437","avg":"0.5205696744033249","slow":"0.1382233621164227"}
{"platform":"AlwaysData","client":"mobile","n":"481","fast":"0.24740680745995883","avg":"0.5382065936836151","slow":"0.21438659885642805"}
{"platform":"AlwaysData","client":"desktop","n":"481","fast":"0.29119839912807743","avg":"0.4933908936056345","slow":"0.21541070726629055"}
{"platform":"Seravo","client":"desktop","n":"428","fast":"0.31065985163801296","avg":"0.5185524984593691","slow":"0.1707876499026194"}
{"platform":"ZEIT Now","client":"desktop","n":"399","fast":"0.2544796672664701","avg":"0.45492333121772777","slow":"0.2905970015158036"}
{"platform":"ZEIT Now","client":"mobile","n":"296","fast":"0.20613046399606344","avg":"0.4236638307671449","slow":"0.37020570523679364"}