{"platform":"Shopify","client":"mobile","n":"58456","fast":"0.2657333690150134","avg":"0.48558590051492434","slow":"0.24868073047009756"}
{"platform":"Shopify","client":"desktop","n":"54162","fast":"0.24062673733577017","avg":"0.5234375725781304","slow":"0.2359356900861109"}
{"platform":"WP Engine","client":"desktop","n":"49184","fast":"0.3316401698785639","avg":"0.4009702607929388","slow":"0.26738956932850855"}
{"platform":"WP Engine","client":"mobile","n":"46076","fast":"0.26420655731283804","avg":"0.463402434562832","slow":"0.2723910081243425"}
{"platform":"Siteground","client":"mobile","n":"40645","fast":"0.16308457225812598","avg":"0.3265091959676525","slow":"0.5104062317742288"}
{"platform":"Siteground","client":"desktop","n":"38196","fast":"0.14027402583116536","avg":"0.38918725003570515","slow":"0.4705387241331303"}
{"platform":"Squarespace","client":"desktop","n":"27940","fast":"0.3645094312630931","avg":"0.5177028434959859","slow":"0.11778772524092061"}
{"platform":"Squarespace","client":"mobile","n":"27155","fast":"0.3095029409703013","avg":"0.5436697285031041","slow":"0.14682733052659175"}
{"platform":"Wix","client":"mobile","n":"26381","fast":"0.0323433188759249","avg":"0.7000785166694846","slow":"0.2675781644545918"}
{"platform":"Automattic","client":"mobile","n":"19205","fast":"0.10755314699072191","avg":"0.6962744920683721","slow":"0.19617236094090382"}
{"platform":"Automattic","client":"desktop","n":"18661","fast":"0.10780546102127272","avg":"0.7198528820359981","slow":"0.17234165694272485"}
{"platform":"Wix","client":"desktop","n":"16566","fast":"0.08340102405739759","avg":"0.6999772173814643","slow":"0.21662175856113605"}
{"platform":"GitHub","client":"desktop","n":"8969","fast":"0.41788202538832425","avg":"0.493076558868439","slow":"0.08904141574323544"}
{"platform":"Pantheon","client":"desktop","n":"8540","fast":"0.2992036590761143","avg":"0.4631471397085529","slow":"0.23764920121533084"}
{"platform":"Pantheon","client":"mobile","n":"7757","fast":"0.2492050991833091","avg":"0.4565766202581868","slow":"0.2942182805584985"}
{"platform":"Acquia","client":"desktop","n":"7422","fast":"0.35214422422694236","avg":"0.45505379524676826","slow":"0.19280198052633515"}
{"platform":"Acquia","client":"mobile","n":"6879","fast":"0.2613245414336164","avg":"0.47038320475874806","slow":"0.2682922538076309"}
{"platform":"HubSpot","client":"desktop","n":"5175","fast":"0.27177319623140106","avg":"0.6012442599468598","slow":"0.1269825438217394"}
{"platform":"HubSpot","client":"mobile","n":"4210","fast":"0.23216195956038976","avg":"0.5716219655194847","slow":"0.19621607492012838"}
{"platform":"GitHub","client":"mobile","n":"4120","fast":"0.3654622170536076","avg":"0.5175295325175516","slow":"0.11700825042884386"}
{"platform":"Kinsta","client":"desktop","n":"3771","fast":"0.25022789723402367","avg":"0.4524780508234971","slow":"0.29729405194248276"}
{"platform":"Kinsta","client":"mobile","n":"3641","fast":"0.24831247485864263","avg":"0.4302192751356941","slow":"0.32146825000566365"}
{"platform":"Netlify","client":"desktop","n":"3411","fast":"0.3699165335169091","avg":"0.49813874693584165","slow":"0.13194471954724887"}
{"platform":"Netlify","client":"mobile","n":"2567","fast":"0.30721102577744386","avg":"0.5323546579491332","slow":"0.1604343162734235"}
{"platform":"Liquid Web","client":"desktop","n":"1693","fast":"0.2591883725016643","avg":"0.46904149593611644","slow":"0.2717701315622227"}
{"platform":"Liquid Web","client":"mobile","n":"1636","fast":"0.2581792136412462","avg":"0.4542458785590566","slow":"0.2875749077996998"}
{"platform":"Seravo","client":"mobile","n":"503","fast":"0.3412069634802547","avg":"0.5205696744033247","slow":"0.13822336211642267"}
{"platform":"AlwaysData","client":"mobile","n":"481","fast":"0.2474068074599591","avg":"0.5382065936836159","slow":"0.2143865988564282"}
{"platform":"AlwaysData","client":"desktop","n":"481","fast":"0.2911983991280773","avg":"0.4933908936056344","slow":"0.21541070726629055"}
{"platform":"Seravo","client":"desktop","n":"428","fast":"0.3106598516380132","avg":"0.5185524984593692","slow":"0.17078764990261938"}