{  "platform": "GoDaddy Website Builder",  "client": "desktop",  "n": "5002",  "fast": "0.94602159136345465",  "avg": "0.051779288284686129",  "slow": "0.0021991203518592563"}
{  "platform": "GitHub",  "client": "desktop",  "n": "13544",  "fast": "0.897666863555818",  "avg": "0.10063496751329001",  "slow": "0.0016981689308919079"}
{  "platform": "Squarespace",  "client": "desktop",  "n": "52676",  "fast": "0.84285063406484928",  "avg": "0.15483332067734831",  "slow": "0.0023160452578024149"}
{  "platform": "Shopify",  "client": "desktop",  "n": "144332",  "fast": "0.78974170662084642",  "avg": "0.20666934567524872",  "slow": "0.0035889477039048861"}
{  "platform": "GitHub",  "client": "mobile",  "n": "8531",  "fast": "0.76813972570624778",  "avg": "0.22846090727933419",  "slow": "0.0033993670144180049"}
{  "platform": "AlwaysData",  "client": "desktop",  "n": "793",  "fast": "0.7654476670870114",  "avg": "0.21185372005044137",  "slow": "0.02269861286254729"}
{  "platform": "GoDaddy Website Builder",  "client": "mobile",  "n": "10240",  "fast": "0.7400390625",  "avg": "0.2427734375",  "slow": "0.0171875"}
{  "platform": "Vercel",  "client": "desktop",  "n": "8367",  "fast": "0.73479144257200912",  "avg": "0.21453328552647305",  "slow": "0.050675271901517868"}
{  "platform": "Seravo",  "client": "desktop",  "n": "1130",  "fast": "0.71858407079646014",  "avg": "0.25132743362831861",  "slow": "0.030088495575221239"}
{  "platform": "Netlify",  "client": "desktop",  "n": "12753",  "fast": "0.71638045949972551",  "avg": "0.27287697012467654",  "slow": "0.010742570375597898"}
{  "platform": "Weebly",  "client": "desktop",  "n": "13210",  "fast": "0.69462528387585165",  "avg": "0.29583648750946251",  "slow": "0.0095382286146858449"}
{  "platform": "Wix",  "client": "desktop",  "n": "47204",  "fast": "0.6942208287433268",  "avg": "0.29961443945428351",  "slow": "0.0061647318023896284"}
{  "platform": "Squarespace",  "client": "mobile",  "n": "58754",  "fast": "0.68092385199305583",  "avg": "0.31008952581951865",  "slow": "0.0089866221874255366"}
{  "platform": "Seravo",  "client": "mobile",  "n": "1331",  "fast": "0.66265965439519159",  "avg": "0.29451540195341847",  "slow": "0.042824943651389932"}
{  "platform": "Shopify",  "client": "mobile",  "n": "180362",  "fast": "0.64692673623046981",  "avg": "0.34518911965935173",  "slow": "0.00788414411017842"}
{  "platform": "AlwaysData",  "client": "mobile",  "n": "881",  "fast": "0.63904653802497158",  "avg": "0.31782065834279227",  "slow": "0.043132803632236094"}
{  "platform": "Acquia",  "client": "desktop",  "n": "8918",  "fast": "0.61639381027136131",  "avg": "0.32215743440233235",  "slow": "0.061448755326306344"}
{  "platform": "Zone.eu",  "client": "desktop",  "n": "2968",  "fast": "0.57243935309973049",  "avg": "0.31469002695417791",  "slow": "0.11287061994609164"}
{  "platform": "Pantheon",  "client": "desktop",  "n": "12816",  "fast": "0.53183520599250933",  "avg": "0.39208801498127338",  "slow": "0.076076779026217234"}
{  "platform": "Vercel",  "client": "mobile",  "n": "8619",  "fast": "0.52929574196542517",  "avg": "0.37591367908109991",  "slow": "0.094790578953474883"}
{  "platform": "WP Engine",  "client": "desktop",  "n": "80122",  "fast": "0.5111579840742867",  "avg": "0.42743566061755822",  "slow": "0.061406355308155067"}
{  "platform": "Wix",  "client": "mobile",  "n": "106065",  "fast": "0.50771696601140814",  "avg": "0.47355866685523029",  "slow": "0.018724367133361619"}
{  "platform": "Netlify",  "client": "mobile",  "n": "13302",  "fast": "0.502781536611036",  "avg": "0.47150804390317247",  "slow": "0.02571041948579161"}
{  "platform": "Zone.eu",  "client": "mobile",  "n": "3255",  "fast": "0.50046082949308757",  "avg": "0.37296466973886327",  "slow": "0.12657450076804916"}
{  "platform": "Weebly",  "client": "mobile",  "n": "16827",  "fast": "0.417067807690022",  "avg": "0.56183514589647587",  "slow": "0.021097046413502109"}
{  "platform": "Liquid Web",  "client": "desktop",  "n": "1148",  "fast": "0.39634146341463417",  "avg": "0.48780487804878048",  "slow": "0.11585365853658537"}
{  "platform": "Acquia",  "client": "mobile",  "n": "8682",  "fast": "0.3669661368348307",  "avg": "0.50345542501727714",  "slow": "0.12957843814789219"}
{  "platform": "Automattic",  "client": "desktop",  "n": "38059",  "fast": "0.32420715205339079",  "avg": "0.62555505925011168",  "slow": "0.050237788696497546"}
{  "platform": "Pantheon",  "client": "mobile",  "n": "11946",  "fast": "0.30060271220492213",  "avg": "0.56587979239912944",  "slow": "0.13351749539594843"}
{  "platform": "WP Engine",  "client": "mobile",  "n": "78916",  "fast": "0.26101170865223783",  "avg": "0.60898930508388671",  "slow": "0.12999898626387552"}
{  "platform": "HubSpot",  "client": "desktop",  "n": "13254",  "fast": "0.25531914893617019",  "avg": "0.64440923494794022",  "slow": "0.10027161611588954"}
{  "platform": "Kinsta",  "client": "desktop",  "n": "16807",  "fast": "0.24870589635271018",  "avg": "0.62277622419230083",  "slow": "0.128517879454989"}
{  "platform": "Flywheel",  "client": "desktop",  "n": "16336",  "fast": "0.23671645445641529",  "avg": "0.51248775710088146",  "slow": "0.25079578844270323"}
{  "platform": "Liquid Web",  "client": "mobile",  "n": "1135",  "fast": "0.23436123348017621",  "avg": "0.56123348017621144",  "slow": "0.20440528634361232"}
{  "platform": "SiteGround",  "client": "desktop",  "n": "34367",  "fast": "0.17842697936974422",  "avg": "0.53507725434282882",  "slow": "0.2864957662874269"}
{  "platform": "Flywheel",  "client": "mobile",  "n": "16499",  "fast": "0.14467543487484089",  "avg": "0.49445420934602097",  "slow": "0.36087035577913812"}
{  "platform": "Automattic",  "client": "mobile",  "n": "66927",  "fast": "0.12785572340012252",  "avg": "0.81821985147997067",  "slow": "0.053924425119906763"}
{  "platform": "SiteGround",  "client": "mobile",  "n": "40723",  "fast": "0.11094467499938609",  "avg": "0.47958156324435824",  "slow": "0.40947376175625566"}
{  "platform": "Kinsta",  "client": "mobile",  "n": "17186",  "fast": "0.10950773885720935",  "avg": "0.60706388921214938",  "slow": "0.28342837193064124"}
{  "platform": "HubSpot",  "client": "mobile",  "n": "12724",  "fast": "0.09706067274442",  "avg": "0.63179817667400184",  "slow": "0.27114115058157812"}
