{"platform":"Shopify","client":"mobile","n":"58456","fast":"0.26573336901501454","avg":"0.48558590051492556","slow":"0.2486807304700983"}
{"platform":"Shopify","client":"desktop","n":"54162","fast":"0.24062673733577017","avg":"0.5234375725781301","slow":"0.23593569008611054"}
{"platform":"WP Engine","client":"desktop","n":"49184","fast":"0.33164016987856465","avg":"0.40097026079293957","slow":"0.267389569328509"}
{"platform":"WP Engine","client":"mobile","n":"46076","fast":"0.26420655731283826","avg":"0.4634024345628322","slow":"0.272391008124343"}
{"platform":"Siteground","client":"mobile","n":"40645","fast":"0.16308457225812623","avg":"0.3265091959676535","slow":"0.5104062317742307"}
{"platform":"Siteground","client":"desktop","n":"38196","fast":"0.1402740258311653","avg":"0.38918725003570526","slow":"0.47053872413312925"}
{"platform":"Squarespace","client":"desktop","n":"27940","fast":"0.36450943126309265","avg":"0.5177028434959859","slow":"0.11778772524092046"}
{"platform":"Squarespace","client":"mobile","n":"27155","fast":"0.30950294097030173","avg":"0.5436697285031042","slow":"0.14682733052659158"}
{"platform":"Wix","client":"mobile","n":"26381","fast":"0.032343318875924926","avg":"0.700078516669483","slow":"0.2675781644545919"}
{"platform":"Automattic","client":"mobile","n":"19205","fast":"0.1075531469907219","avg":"0.6962744920683719","slow":"0.196172360940904"}
{"platform":"Automattic","client":"desktop","n":"18661","fast":"0.10780546102127311","avg":"0.7198528820360015","slow":"0.1723416569427256"}
{"platform":"Wix","client":"desktop","n":"16566","fast":"0.08340102405739762","avg":"0.6999772173814648","slow":"0.21662175856113636"}
{"platform":"GitHub","client":"desktop","n":"8969","fast":"0.4178820253883249","avg":"0.4930765588684389","slow":"0.08904141574323557"}
{"platform":"Pantheon","client":"desktop","n":"8540","fast":"0.2992036590761139","avg":"0.4631471397085526","slow":"0.23764920121533065"}
{"platform":"Flywheel","client":"desktop","n":"8496","fast":"0.31693827020289905","avg":"0.3625764928147349","slow":"0.3204852369823648"}
{"platform":"Flywheel","client":"mobile","n":"7963","fast":"0.30040707892281937","avg":"0.3621700698089487","slow":"0.3374228512682302"}
{"platform":"Pantheon","client":"mobile","n":"7757","fast":"0.24920509918330908","avg":"0.4565766202581872","slow":"0.2942182805584986"}
{"platform":"Acquia","client":"desktop","n":"7422","fast":"0.35214422422693814","avg":"0.45505379524676254","slow":"0.19280198052633118"}
{"platform":"Acquia","client":"mobile","n":"6879","fast":"0.26132454143361633","avg":"0.47038320475874723","slow":"0.2682922538076311"}
{"platform":"HubSpot","client":"desktop","n":"5175","fast":"0.27177319623140084","avg":"0.6012442599468601","slow":"0.12698254382173957"}
{"platform":"HubSpot","client":"mobile","n":"4210","fast":"0.2321619595603895","avg":"0.5716219655194842","slow":"0.19621607492012855"}
{"platform":"GitHub","client":"mobile","n":"4120","fast":"0.3654622170536078","avg":"0.5175295325175523","slow":"0.11700825042884384"}
{"platform":"Kinsta","client":"desktop","n":"3771","fast":"0.25022789723402383","avg":"0.45247805082349585","slow":"0.2972940519424826"}
{"platform":"Kinsta","client":"mobile","n":"3641","fast":"0.24831247485864252","avg":"0.43021927513569336","slow":"0.32146825000566426"}
{"platform":"Netlify","client":"desktop","n":"3411","fast":"0.36991653351690934","avg":"0.4981387469358419","slow":"0.13194471954724882"}
{"platform":"Netlify","client":"mobile","n":"2567","fast":"0.3072110257774439","avg":"0.532354657949133","slow":"0.16043431627342367"}
{"platform":"Liquid Web","client":"desktop","n":"1693","fast":"0.25918837250166454","avg":"0.4690414959361155","slow":"0.2717701315622227"}
{"platform":"Liquid Web","client":"mobile","n":"1636","fast":"0.25817921364124574","avg":"0.45424587855905674","slow":"0.2875749077996998"}
{"platform":"Seravo","client":"mobile","n":"503","fast":"0.3412069634802548","avg":"0.5205696744033256","slow":"0.1382233621164227"}
{"platform":"AlwaysData","client":"desktop","n":"481","fast":"0.29119839912807766","avg":"0.4933908936056348","slow":"0.21541070726629083"}
{"platform":"AlwaysData","client":"mobile","n":"481","fast":"0.24740680745995933","avg":"0.5382065936836162","slow":"0.2143865988564284"}
{"platform":"Seravo","client":"desktop","n":"428","fast":"0.3106598516380136","avg":"0.5185524984593698","slow":"0.17078764990261944"}
{"platform":"ZEIT Now","client":"desktop","n":"399","fast":"0.25447966726647014","avg":"0.45492333121772777","slow":"0.29059700151580437"}
{"platform":"ZEIT Now","client":"mobile","n":"296","fast":"0.20613046399606355","avg":"0.4236638307671451","slow":"0.37020570523679414"}