{"platform":"Shopify","client":"mobile","n":"65660","fast":"0.2525046897339046","avg":"0.4724836652303082","slow":"0.27501164503583025"}
{"platform":"Shopify","client":"desktop","n":"60489","fast":"0.2271542592077973","avg":"0.5123175794630931","slow":"0.260528161329127"}
{"platform":"Siteground","client":"mobile","n":"44215","fast":"0.16331475173151871","avg":"0.31356165213433146","slow":"0.5231235961341616"}
{"platform":"Siteground","client":"desktop","n":"41629","fast":"0.1391470672333632","avg":"0.3798153880319729","slow":"0.481037544734663"}
{"platform":"WP Engine","client":"desktop","n":"35837","fast":"0.32566125431524146","avg":"0.43094994899002387","slow":"0.24338879669473276"}
{"platform":"WP Engine","client":"mobile","n":"35790","fast":"0.24802954078468453","avg":"0.49204988335060856","slow":"0.2599205758647166"}
{"platform":"Wix","client":"mobile","n":"32475","fast":"0.08556522429028357","avg":"0.6686858163219305","slow":"0.2457489593877846"}
{"platform":"Squarespace","client":"desktop","n":"29993","fast":"0.3348789303679722","avg":"0.5315809398679909","slow":"0.13354012976403484"}
{"platform":"Squarespace","client":"mobile","n":"29546","fast":"0.2962193203848299","avg":"0.5344451425366777","slow":"0.1693355370784913"}
{"platform":"Automattic","client":"mobile","n":"20512","fast":"0.09747673429990655","avg":"0.6959658576397946","slow":"0.20655740806029796"}
{"platform":"Wix","client":"desktop","n":"19630","fast":"0.15397161042853885","avg":"0.6555061139872402","slow":"0.19052227558422077"}
{"platform":"Automattic","client":"desktop","n":"18663","fast":"0.10240621852684959","avg":"0.7200793166945106","slow":"0.17751446477863664"}
{"platform":"Weebly","client":"mobile","n":"9688","fast":"0.270736842378062","avg":"0.5623938529903149","slow":"0.1668693046316224"}
{"platform":"GitHub","client":"desktop","n":"9474","fast":"0.39621833565352105","avg":"0.5070314546799153","slow":"0.0967502096665625"}
{"platform":"Weebly","client":"desktop","n":"9313","fast":"0.38535503950156874","avg":"0.5102801966036172","slow":"0.10436476389481364"}
{"platform":"Pantheon","client":"desktop","n":"9268","fast":"0.30178045038931595","avg":"0.4592218291708353","slow":"0.23899772043984707"}
{"platform":"Flywheel","client":"desktop","n":"9209","fast":"0.3144186745017686","avg":"0.35233591901492006","slow":"0.33324540648331036"}
{"platform":"Flywheel","client":"mobile","n":"8676","fast":"0.2944665373959557","avg":"0.35337487777085363","slow":"0.35215858483318746"}
{"platform":"Pantheon","client":"mobile","n":"8370","fast":"0.23541779354708722","avg":"0.45972750783485256","slow":"0.3048546986180541"}
{"platform":"Acquia","client":"desktop","n":"7762","fast":"0.35424444630570234","avg":"0.45311407157154815","slow":"0.19264148212275148"}
{"platform":"Acquia","client":"mobile","n":"7248","fast":"0.24571376196325603","avg":"0.47253719981920356","slow":"0.2817490382175326"}
{"platform":"HubSpot","client":"desktop","n":"5744","fast":"0.24475209153859892","avg":"0.6101136729892145","slow":"0.1451342354721841"}
{"platform":"HubSpot","client":"mobile","n":"4816","fast":"0.2173747560526227","avg":"0.5610205528582218","slow":"0.2216046910891569"}
{"platform":"GitHub","client":"mobile","n":"4477","fast":"0.35501341610486925","avg":"0.519579802442088","slow":"0.12540678145304412"}
{"platform":"Kinsta","client":"desktop","n":"4319","fast":"0.24475227225495297","avg":"0.43523650938914016","slow":"0.320011218355912"}
{"platform":"Kinsta","client":"mobile","n":"4195","fast":"0.23825260832306336","avg":"0.4124481472475629","slow":"0.3492992444293741"}
{"platform":"Netlify","client":"desktop","n":"3891","fast":"0.33579422673738896","avg":"0.5145981866165477","slow":"0.1496075866460646"}
{"platform":"Netlify","client":"mobile","n":"3024","fast":"0.28673269370270904","avg":"0.5351492276997333","slow":"0.17811807859756"}
{"platform":"Liquid Web","client":"desktop","n":"1917","fast":"0.2602759725453513","avg":"0.45699269627250344","slow":"0.28273133118214594"}
{"platform":"Liquid Web","client":"mobile","n":"1826","fast":"0.2513446477061356","avg":"0.4462859770810422","slow":"0.3023693752128239"}
{"platform":"Seravo","client":"mobile","n":"591","fast":"0.33772083333417147","avg":"0.5131493322756271","slow":"0.14912983439020272"}
{"platform":"Seravo","client":"desktop","n":"514","fast":"0.3216310501428185","avg":"0.5103827353328513","slow":"0.16798621452433"}
{"platform":"AlwaysData","client":"mobile","n":"471","fast":"0.2378430898856744","avg":"0.5399578686194215","slow":"0.22219904149490868"}
{"platform":"AlwaysData","client":"desktop","n":"466","fast":"0.2841449915368897","avg":"0.5074838498076045","slow":"0.20837115865550768"}
{"platform":"ZEIT Now","client":"desktop","n":"266","fast":"0.2796851749654002","avg":"0.48345752780289963","slow":"0.23685729723170124"}
{"platform":"ZEIT Now","client":"mobile","n":"201","fast":"0.23163557413959568","avg":"0.473408652299777","slow":"0.29495577356063113"}