{"platform":"WP Engine","client":"desktop","n":"49185","fast":"0.3316389297304578","avg":"0.4009741454948137","slow":"0.26738692477473747"}
{"platform":"WP Engine","client":"mobile","n":"46077","fast":"0.2642063470173807","avg":"0.4634027661982628","slow":"0.27239088678436824"}
{"platform":"Siteground","client":"mobile","n":"40645","fast":"0.16308457225812598","avg":"0.32650919596765293","slow":"0.5104062317742313"}
{"platform":"Siteground","client":"desktop","n":"38196","fast":"0.14027402583116544","avg":"0.3891872500357055","slow":"0.470538724133131"}
{"platform":"Automattic","client":"mobile","n":"19205","fast":"0.10755314699072181","avg":"0.6962744920683723","slow":"0.19617236094090404"}
{"platform":"Automattic","client":"desktop","n":"18661","fast":"0.107805461021273","avg":"0.7198528820360006","slow":"0.17234165694272538"}
{"platform":"GitHub","client":"desktop","n":"8969","fast":"0.4178820253883248","avg":"0.493076558868439","slow":"0.08904141574323553"}
{"platform":"Pantheon","client":"desktop","n":"8540","fast":"0.2992036590761142","avg":"0.46314713970855215","slow":"0.23764920121533029"}
{"platform":"Pantheon","client":"mobile","n":"7757","fast":"0.24920509918330894","avg":"0.4565766202581876","slow":"0.2942182805584988"}
{"platform":"Acquia","client":"desktop","n":"7423","fast":"0.3521734342498486","avg":"0.45504061414023284","slow":"0.19278595160994963"}
{"platform":"Acquia","client":"mobile","n":"6880","fast":"0.26132458325926566","avg":"0.4703846205206516","slow":"0.2682907962200751"}
{"platform":"HubSpot","client":"desktop","n":"5175","fast":"0.2717731962314014","avg":"0.6012442599468604","slow":"0.12698254382173937"}
{"platform":"HubSpot","client":"mobile","n":"4210","fast":"0.23216195956038918","avg":"0.5716219655194842","slow":"0.19621607492012827"}
{"platform":"GitHub","client":"mobile","n":"4120","fast":"0.36546221705360754","avg":"0.5175295325175514","slow":"0.1170082504288437"}
{"platform":"Kinsta","client":"desktop","n":"3771","fast":"0.2502278972340236","avg":"0.4524780508234967","slow":"0.2972940519424825"}
{"platform":"Kinsta","client":"mobile","n":"3641","fast":"0.24831247485864272","avg":"0.43021927513569375","slow":"0.321468250005664"}
{"platform":"Seravo","client":"mobile","n":"503","fast":"0.34120696348025453","avg":"0.520569674403325","slow":"0.13822336211642275"}
{"platform":"Seravo","client":"desktop","n":"428","fast":"0.3106598516380133","avg":"0.5185524984593698","slow":"0.17078764990261946"}