{"platform":"Shopify","client":"mobile","n":"64369","fast":"0.24966164367697288","avg":"0.4728008901746368","slow":"0.2775374661484906"}
{"platform":"Wix","client":"mobile","n":"27873","fast":"0.12201518346345606","avg":"0.6341228698146852","slow":"0.2438619467218719"}
{"platform":"SiteGround","client":"mobile","n":"27643","fast":"0.17749992354938665","avg":"0.29647638762390766","slow":"0.5260236888267603"}
{"platform":"Squarespace","client":"mobile","n":"26938","fast":"0.2765140348322439","avg":"0.5516105154770665","slow":"0.1718754496907227"}
{"platform":"Automattic","client":"mobile","n":"19382","fast":"0.08862320799373084","avg":"0.6821458362599423","slow":"0.22923095574635668"}
{"platform":"Weebly","client":"mobile","n":"8520","fast":"0.2369664597003246","avg":"0.595026515132238","slow":"0.1680070251674419"}
{"platform":"Flywheel","client":"mobile","n":"8411","fast":"0.27290242237489615","avg":"0.3561371198933475","slow":"0.370960457731767"}
{"platform":"Pantheon","client":"mobile","n":"8044","fast":"0.2242443792412341","avg":"0.448881646830494","slow":"0.32687397392830103"}
{"platform":"Acquia","client":"mobile","n":"6192","fast":"0.23233569892724312","avg":"0.49291351253061916","slow":"0.27475078854216234"}
{"platform":"HubSpot","client":"mobile","n":"4686","fast":"0.1626499717672217","avg":"0.5763426310864939","slow":"0.2610073971462755"}
{"platform":"Kinsta","client":"mobile","n":"4441","fast":"0.2201523390250005","avg":"0.3975488740669121","slow":"0.3822987869080945"}
{"platform":"Shopify","client":"desktop","n":"4406","fast":"0.22722174045280139","avg":"0.5224996959839252","slow":"0.250278563563265"}
{"platform":"GitHub","client":"mobile","n":"4247","fast":"0.32443162921741825","avg":"0.5447542459225883","slow":"0.13081412485998614"}
{"platform":"Netlify","client":"mobile","n":"3090","fast":"0.2688450136131873","avg":"0.5510294134962389","slow":"0.18012557289056405"}
{"platform":"GoDaddy Website Builder","client":"mobile","n":"2699","fast":"0.43448524670413535","avg":"0.45733162000296396","slow":"0.10818313329289819"}
{"platform":"WP Engine","client":"mobile","n":"2075","fast":"0.1816092901270361","avg":"0.5323639537646787","slow":"0.2860267561082785"}
{"platform":"SiteGround","client":"desktop","n":"2014","fast":"0.17793396100154735","avg":"0.3849043269196133","slow":"0.43716171207883836"}
{"platform":"Liquid Web","client":"mobile","n":"1887","fast":"0.23276286875581892","avg":"0.4438708515536926","slow":"0.32336627969048054"}
{"platform":"GitHub","client":"desktop","n":"1722","fast":"0.38486262956424677","avg":"0.5097341612903759","slow":"0.10540320914537472"}
{"platform":"Squarespace","client":"desktop","n":"1118","fast":"0.32795619012026933","avg":"0.5381030794885737","slow":"0.13394073039115773"}
{"platform":"Flywheel","client":"desktop","n":"886","fast":"0.3242628852638863","avg":"0.352339491890097","slow":"0.3233976228460181"}
{"platform":"Pantheon","client":"desktop","n":"795","fast":"0.31297796700635405","avg":"0.44675965420437946","slow":"0.24026237878926857"}
{"platform":"Netlify","client":"desktop","n":"601","fast":"0.33532979378252115","avg":"0.5179030574233464","slow":"0.14676714879413177"}
{"platform":"Seravo","client":"mobile","n":"601","fast":"0.3381401653899109","avg":"0.528043505584336","slow":"0.13381632902575608"}
{"platform":"Automattic","client":"desktop","n":"574","fast":"0.14430934849408414","avg":"0.6698373222826502","slow":"0.18585332922326767"}
{"platform":"Acquia","client":"desktop","n":"496","fast":"0.3795489263751722","avg":"0.45072072459574725","slow":"0.1697303490290847"}
{"platform":"AlwaysData","client":"mobile","n":"445","fast":"0.2435066107787755","avg":"0.5656785690053122","slow":"0.19081482021591634"}
{"platform":"Kinsta","client":"desktop","n":"425","fast":"0.26425623159867945","avg":"0.4117243044182122","slow":"0.32401946398311116"}
{"platform":"ZEIT Now","client":"mobile","n":"262","fast":"0.20438407216724233","avg":"0.41288739041495526","slow":"0.3827285374178053"}
{"platform":"Wix","client":"desktop","n":"256","fast":"0.20173480606977479","avg":"0.5840325322437275","slow":"0.21423266168649918"}
{"platform":"HubSpot","client":"desktop","n":"242","fast":"0.1952269733496403","avg":"0.6224674963843537","slow":"0.18230553026600768"}
{"platform":"WP Engine","client":"desktop","n":"168","fast":"0.2881285519048225","avg":"0.4714082872282451","slow":"0.24046316086693437"}
{"platform":"Liquid Web","client":"desktop","n":"156","fast":"0.26257333719143544","avg":"0.44665841831134956","slow":"0.2907682444972161"}
{"platform":"Seravo","client":"desktop","n":"134","fast":"0.36726262990614816","avg":"0.4705137715829671","slow":"0.1622235985108861"}
{"platform":"Weebly","client":"desktop","n":"129","fast":"0.39397158836530066","avg":"0.501819254247888","slow":"0.1042091573868119"}
{"platform":"AlwaysData","client":"desktop","n":"60","fast":"0.36812285135895956","avg":"0.4946715698605307","slow":"0.13720557878051046"}
{"platform":"GoDaddy Website Builder","client":"desktop","n":"49","fast":"0.48468596686105736","avg":"0.4070454966213091","slow":"0.10826853651763405"}
{"platform":"ZEIT Now","client":"desktop","n":"43","fast":"0.29984101532312696","avg":"0.47350539084016763","slow":"0.22665359383670558"}
