{"platform":"Shopify","client":"mobile","n":"64793","fast":0.25022451953599933,"avg":0.47800078836574766,"slow":0.2717746920983613}
{"platform":"Wix","client":"mobile","n":"31161","fast":0.1136575769066447,"avg":0.66081623214353735,"slow":0.22552619094982621}
{"platform":"Squarespace","client":"mobile","n":"28796","fast":0.29291969243767796,"avg":0.53763051207268231,"slow":0.16944979548967146}
{"platform":"Automattic","client":"mobile","n":"21436","fast":0.09217895289986161,"avg":0.69431032706378248,"slow":0.21351072003639421}
{"platform":"WP Engine","client":"mobile","n":"18752","fast":0.23996479337553128,"avg":0.50024211522022166,"slow":0.25979309140431522}
{"platform":"Weebly","client":"mobile","n":"9173","fast":0.25799806598095687,"avg":0.58008296688465011,"slow":0.16191896713440163}
{"platform":"Flywheel","client":"mobile","n":"8655","fast":0.28466557881068738,"avg":0.35106712112802912,"slow":0.36426730006129682}
{"platform":"Pantheon","client":"mobile","n":"8183","fast":0.23066075629408095,"avg":0.46434409860675435,"slow":0.30499514509918796}
{"platform":"Acquia","client":"mobile","n":"6694","fast":0.23990926007917052,"avg":0.48089008498647967,"slow":0.27920065493437768}
{"platform":"HubSpot","client":"mobile","n":"4712","fast":0.21301558817584465,"avg":0.56310661703957232,"slow":0.22387779478457451}
{"platform":"GitHub","client":"mobile","n":"4431","fast":0.33982424788295168,"avg":0.53234099144796165,"slow":0.12783476066908092}
{"platform":"Kinsta","client":"mobile","n":"4215","fast":0.23222561090178945,"avg":0.41271594954517682,"slow":0.3550584395530369}
{"platform":"Siteground","client":"mobile","n":"4106","fast":0.182425002062386,"avg":0.30876853820893563,"slow":0.50880645972868532}
{"platform":"Netlify","client":"mobile","n":"2998","fast":0.28158741276288568,"avg":0.53892334190381341,"slow":0.1794892453332925}
{"platform":"GoDaddy Website Builder","client":"mobile","n":"2890","fast":0.46091813101750267,"avg":0.42986420467533337,"slow":0.10921766430716334}
{"platform":"Liquid Web","client":"mobile","n":"1851","fast":0.24410282449136583,"avg":0.44067312402858683,"slow":0.31522405148003779}
{"platform":"Seravo","client":"mobile","n":"580","fast":0.33341313694833408,"avg":0.52015759363229452,"slow":0.14642926941937306}
{"platform":"AlwaysData","client":"mobile","n":"456","fast":0.25612685922478562,"avg":0.53686269088350058,"slow":0.20701044989171791}
{"platform":"ZEIT Now","client":"mobile","n":"199","fast":0.2177794337441735,"avg":0.48580803868187089,"slow":0.2964125275739582}
{"platform":"Shopify","client":"desktop","n":"59921","fast":0.23392471181906993,"avg":0.51545746089219791,"slow":0.25061782728876209}
{"platform":"Squarespace","client":"desktop","n":"29615","fast":0.35093724956159,"avg":0.52146114037511371,"slow":0.1276016100633095}
{"platform":"WP Engine","client":"desktop","n":"22347","fast":0.3402917392732755,"avg":0.43650027256658525,"slow":0.22320798816018553}
{"platform":"Automattic","client":"desktop","n":"20430","fast":0.10184227461786886,"avg":0.725985283457092,"slow":0.17217244192504927}
{"platform":"Wix","client":"desktop","n":"19288","fast":0.20809690818259691,"avg":0.62277235562670019,"slow":0.16913073619070657}
{"platform":"Weebly","client":"desktop","n":"10142","fast":0.39876110796741138,"avg":0.51604761409165556,"slow":0.085191277940935714}
{"platform":"Flywheel","client":"desktop","n":"9228","fast":0.31477511480538078,"avg":0.34223048434364522,"slow":0.34299440085098387}
{"platform":"GitHub","client":"desktop","n":"9224","fast":0.404877527754824,"avg":0.50551710265248329,"slow":0.0896053695927047}
{"platform":"Pantheon","client":"desktop","n":"9124","fast":0.31119815463121681,"avg":0.45913120780914179,"slow":0.22967063755966774}
{"platform":"Acquia","client":"desktop","n":"7223","fast":0.36673401249473764,"avg":0.454447620373758,"slow":0.17881836713152879}
{"platform":"HubSpot","client":"desktop","n":"5686","fast":0.24823141911615851,"avg":0.61274401509540621,"slow":0.13902456578843916}
{"platform":"Kinsta","client":"desktop","n":"4370","fast":0.24467346163725692,"avg":0.44055533091375554,"slow":0.31477120744898313}
{"platform":"Netlify","client":"desktop","n":"3886","fast":0.34193502093191047,"avg":0.5097683944249638,"slow":0.14829658464312495}
{"platform":"Siteground","client":"desktop","n":"3631","fast":0.17345816895623428,"avg":0.38064333242525972,"slow":0.44589849861850073}
{"platform":"GoDaddy Website Builder","client":"desktop","n":"2135","fast":0.62173787187547158,"avg":0.31956699296441693,"slow":0.058695135160111482}
{"platform":"Liquid Web","client":"desktop","n":"1941","fast":0.25988293803814616,"avg":0.45581420176995469,"slow":0.28430286019189488}
{"platform":"Seravo","client":"desktop","n":"506","fast":0.33476098652756381,"avg":0.49855122009930919,"slow":0.16668779337312861}
{"platform":"AlwaysData","client":"desktop","n":"464","fast":0.29825963553555823,"avg":0.49992684308667218,"slow":0.20181352137777012}
{"platform":"ZEIT Now","client":"desktop","n":"267","fast":0.281583230114457,"avg":0.49807977965486167,"slow":0.22033699023068248}
