{"platform":"WP Engine","client":"desktop","n":"48473","fast":"0.3308111147696908","avg":"0.401198783250882","slow":"0.2679901019794348"}
{"platform":"WP Engine","client":"mobile","n":"45516","fast":"0.2632798511219114","avg":"0.46289575693190305","slow":"0.2738243919461965"}
{"platform":"Siteground","client":"mobile","n":"39954","fast":"0.1631847486001051","avg":"0.3271363527946097","slow":"0.5096788986052946"}
{"platform":"Siteground","client":"desktop","n":"37420","fast":"0.1407492834949412","avg":"0.389645611683903","slow":"0.4696051048211564"}
{"platform":"Automattic","client":"mobile","n":"19200","fast":"0.10608305823102528","avg":"0.6972111372575852","slow":"0.19670580451138472"}
{"platform":"Automattic","client":"desktop","n":"18622","fast":"0.10711133920726623","avg":"0.7202806450629293","slow":"0.17260801572980242"}
{"platform":"GitHub","client":"desktop","n":"8928","fast":"0.4175964951981832","avg":"0.4932422325628499","slow":"0.08916127223896465"}
{"platform":"Pantheon","client":"desktop","n":"8336","fast":"0.29925252331998","avg":"0.4618154243353562","slow":"0.23893205234466022"}
{"platform":"Pantheon","client":"mobile","n":"7585","fast":"0.24942332183222185","avg":"0.4560568537034317","slow":"0.2945198244643424"}
{"platform":"Acquia","client":"desktop","n":"7411","fast":"0.3534343705459","avg":"0.45407020073152593","slow":"0.19249542872260572"}
{"platform":"Acquia","client":"mobile","n":"6939","fast":"0.26463535432014706","avg":"0.4694620093790256","slow":"0.2659026363008227"}
{"platform":"HubSpot","client":"desktop","n":"5084","fast":"0.2716571158878706","avg":"0.602796439854749","slow":"0.1255464442573815"}
{"platform":"HubSpot","client":"mobile","n":"4160","fast":"0.23117503685980112","avg":"0.5718847410630953","slow":"0.19694022207710726"}
{"platform":"GitHub","client":"mobile","n":"4104","fast":"0.36552403224327423","avg":"0.5174506120719387","slow":"0.11702535568479058"}
{"platform":"Kinsta","client":"desktop","n":"3544","fast":"0.24839354712628922","avg":"0.4566319845665082","slow":"0.29497446830720314"}
{"platform":"Kinsta","client":"mobile","n":"3415","fast":"0.24603679707471862","avg":"0.43321166916915044","slow":"0.3207515337561318"}
{"platform":"Seravo","client":"mobile","n":"492","fast":"0.33991671787150834","avg":"0.5198544743890645","slow":"0.14022880773943033"}
{"platform":"Seravo","client":"desktop","n":"414","fast":"0.30901942845422525","avg":"0.5199951961871768","slow":"0.17098537535859962"}