{"platform":"WP Engine","client":"desktop","n":"49185","fast":"0.33163892973045883","avg":"0.40097414549481586","slow":"0.26738692477473835"}
{"platform":"WP Engine","client":"mobile","n":"46077","fast":"0.2642063470173812","avg":"0.46340276619826254","slow":"0.2723908867843687"}
{"platform":"Siteground","client":"mobile","n":"40645","fast":"0.16308457225812611","avg":"0.3265091959676527","slow":"0.5104062317742303"}
{"platform":"Siteground","client":"desktop","n":"38196","fast":"0.14027402583116538","avg":"0.3891872500357057","slow":"0.4705387241331304"}
{"platform":"Automattic","client":"mobile","n":"19205","fast":"0.10755314699072158","avg":"0.6962744920683699","slow":"0.19617236094090354"}
{"platform":"Automattic","client":"desktop","n":"18661","fast":"0.10780546102127304","avg":"0.7198528820360013","slow":"0.17234165694272563"}
{"platform":"GitHub","client":"desktop","n":"8969","fast":"0.41788202538832375","avg":"0.4930765588684381","slow":"0.08904141574323543"}
{"platform":"Pantheon","client":"desktop","n":"8540","fast":"0.2992036590761144","avg":"0.4631471397085524","slow":"0.23764920121533095"}
{"platform":"Pantheon","client":"mobile","n":"7757","fast":"0.24920509918330955","avg":"0.4565766202581881","slow":"0.29421828055849913"}
{"platform":"Acquia","client":"desktop","n":"7423","fast":"0.352173434249849","avg":"0.455040614140233","slow":"0.19278595160994985"}
{"platform":"Acquia","client":"mobile","n":"6880","fast":"0.26132458325926594","avg":"0.47038462052065255","slow":"0.2682907962200759"}
{"platform":"HubSpot","client":"desktop","n":"5175","fast":"0.27177319623140145","avg":"0.6012442599468598","slow":"0.1269825438217395"}
{"platform":"HubSpot","client":"mobile","n":"4210","fast":"0.23216195956038974","avg":"0.5716219655194851","slow":"0.19621607492012863"}
{"platform":"GitHub","client":"mobile","n":"4120","fast":"0.3654622170536079","avg":"0.517529532517552","slow":"0.11700825042884411"}
{"platform":"Kinsta","client":"desktop","n":"3771","fast":"0.2502278972340237","avg":"0.4524780508234965","slow":"0.29729405194248243"}
{"platform":"Kinsta","client":"mobile","n":"3641","fast":"0.24831247485864227","avg":"0.43021927513569375","slow":"0.32146825000566315"}
{"platform":"Seravo","client":"mobile","n":"503","fast":"0.34120696348025464","avg":"0.5205696744033248","slow":"0.13822336211642275"}
{"platform":"AlwaysData","client":"mobile","n":"481","fast":"0.2474068074599588","avg":"0.5382065936836152","slow":"0.21438659885642797"}
{"platform":"AlwaysData","client":"desktop","n":"481","fast":"0.29119839912807727","avg":"0.49339089360563465","slow":"0.21541070726629066"}
{"platform":"Seravo","client":"desktop","n":"428","fast":"0.310659851638013","avg":"0.5185524984593689","slow":"0.1707876499026193"}