{"platform":"Shopify","client":"mobile","n":"65124","fast":"0.26057831973561","avg":"0.48768469391442787","slow":"0.25173698635000274"}
{"platform":"Shopify","client":"desktop","n":"60483","fast":"0.23083760076668097","avg":"0.5264206763320685","slow":"0.24274172290126542"}
{"platform":"WP Engine","client":"desktop","n":"51833","fast":"0.32566762126020316","avg":"0.41338295864251995","slow":"0.2609494200972883"}
{"platform":"WP Engine","client":"mobile","n":"48567","fast":"0.2639341989696478","avg":"0.4725067456156702","slow":"0.2635590554146974"}
{"platform":"Siteground","client":"mobile","n":"44043","fast":"0.16253517030358883","avg":"0.3205797822614397","slow":"0.5168850474349814"}
{"platform":"Siteground","client":"desktop","n":"41687","fast":"0.1388097463731698","avg":"0.38308483583331304","slow":"0.4781054177935231"}
{"platform":"Wix","client":"mobile","n":"30606","fast":"0.04943648162063215","avg":"0.7200462376915728","slow":"0.23051728068779667"}
{"platform":"Squarespace","client":"desktop","n":"29917","fast":"0.3553137392508255","avg":"0.5226484310070726","slow":"0.1220378297421"}
{"platform":"Squarespace","client":"mobile","n":"29139","fast":"0.30768468304732743","avg":"0.5425215840473229","slow":"0.14979373290534528"}
{"platform":"Wix","client":"desktop","n":"19672","fast":"0.10573145816588525","avg":"0.7028607352389191","slow":"0.1914078065951949"}
{"platform":"Automattic","client":"desktop","n":"17960","fast":"0.10411189590766078","avg":"0.7214577407580673","slow":"0.17443036333426884"}
{"platform":"Automattic","client":"mobile","n":"17078","fast":"0.1098390530088339","avg":"0.7000271636075882","slow":"0.1901337833835743"}
{"platform":"GitHub","client":"desktop","n":"9732","fast":"0.4011586156157445","avg":"0.5008760894896835","slow":"0.09796529489457"}
{"platform":"Weebly","client":"mobile","n":"9183","fast":"0.27992308534282756","avg":"0.5655313787757672","slow":"0.15454553588140346"}
{"platform":"Flywheel","client":"desktop","n":"9081","fast":"0.31279707350495795","avg":"0.36696121311502355","slow":"0.320241713380017"}
{"platform":"Pantheon","client":"desktop","n":"8960","fast":"0.2914455021335161","avg":"0.4672492272118042","slow":"0.2413052706546778"}
{"platform":"Flywheel","client":"mobile","n":"8486","fast":"0.30347611791789786","avg":"0.3642952643843892","slow":"0.33222861769771006"}
{"platform":"Pantheon","client":"mobile","n":"8105","fast":"0.24697644512800265","avg":"0.4582038778478122","slow":"0.29481967702418255"}
{"platform":"Weebly","client":"desktop","n":"8079","fast":"0.3559766238766849","avg":"0.5287629603766203","slow":"0.11526041574669343"}
{"platform":"Acquia","client":"desktop","n":"7586","fast":"0.3451481491740521","avg":"0.4578767567450021","slow":"0.19697509408094305"}
{"platform":"Acquia","client":"mobile","n":"7067","fast":"0.2598179619047504","avg":"0.4710830162779594","slow":"0.2690990218172858"}
{"platform":"HubSpot","client":"desktop","n":"5728","fast":"0.2592424820687899","avg":"0.6038505718937398","slow":"0.13690694603746992"}
{"platform":"HubSpot","client":"mobile","n":"4719","fast":"0.2271125000106554","avg":"0.5673925790673345","slow":"0.20549492092201338"}
{"platform":"GitHub","client":"mobile","n":"4346","fast":"0.3623792648731331","avg":"0.5153018515392127","slow":"0.12231888358765759"}
{"platform":"Kinsta","client":"desktop","n":"4107","fast":"0.2466582139440213","avg":"0.447631164032924","slow":"0.3057106220230578"}
{"platform":"Kinsta","client":"mobile","n":"3968","fast":"0.24814340351305017","avg":"0.426162833752347","slow":"0.3256937627346062"}
{"platform":"Netlify","client":"desktop","n":"3837","fast":"0.340810052263132","avg":"0.5133771404110654","slow":"0.1458128073258037"}
{"platform":"Netlify","client":"mobile","n":"2884","fast":"0.29950512666390483","avg":"0.5344818578098074","slow":"0.16601301552629041"}
{"platform":"Liquid Web","client":"desktop","n":"1833","fast":"0.25302918403891933","avg":"0.45862118075176456","slow":"0.28834963520931894"}
{"platform":"Liquid Web","client":"mobile","n":"1752","fast":"0.25609593118154844","avg":"0.4472566206741574","slow":"0.2966474481442982"}
{"platform":"Seravo","client":"mobile","n":"518","fast":"0.34760267818118407","avg":"0.5141940585342963","slow":"0.13820326328452182"}
{"platform":"AlwaysData","client":"mobile","n":"500","fast":"0.2430903707668234","avg":"0.5507902917913399","slow":"0.20611933744183933"}
{"platform":"AlwaysData","client":"desktop","n":"490","fast":"0.2911859911372348","avg":"0.505828210829192","slow":"0.20298579803357442"}
{"platform":"Seravo","client":"desktop","n":"417","fast":"0.291756418392759","avg":"0.5207135293913842","slow":"0.18753005221585745"}
{"platform":"ZEIT Now","client":"desktop","n":"241","fast":"0.26820480745839775","avg":"0.5021624038383963","slow":"0.2296327887032071"}
{"platform":"ZEIT Now","client":"mobile","n":"177","fast":"0.22115554778066487","avg":"0.47854096023075343","slow":"0.30030349198858525"}