[
  {"platform":"Shopify","client":"mobile","n":"66836","fast":"0.2628538604851626","avg":"0.4874993044599565","slow":"0.24964683505492005"},
  {"platform":"WP Engine","client":"mobile","n":"48620","fast":"0.26450645336287143","avg":"0.46256520089416003","slow":"0.27292834574298225"},
  {"platform":"Siteground","client":"mobile","n":"45010","fast":"0.16372517676345982","avg":"0.3243734192568929","slow":"0.5119014039796584"},
  {"platform":"Shopify","client":"desktop","n":"38198","fast":"0.2360869101385623","avg":"0.527759880200883","slow":"0.23615320966055012"},
  {"platform":"Wix","client":"mobile","n":"32325","fast":"0.03400232415704785","avg":"0.6986107146803804","slow":"0.26738696116257044"},
  {"platform":"Squarespace","client":"mobile","n":"29809","fast":"0.3077794231720265","avg":"0.5424595112291906","slow":"0.14976106559878205"},
  {"platform":"WP Engine","client":"desktop","n":"29575","fast":"0.3350648603090243","avg":"0.3994345580682389","slow":"0.2655005816227365"},
  {"platform":"Siteground","client":"desktop","n":"23483","fast":"0.1412341871203125","avg":"0.39060996852057106","slow":"0.46815584435911384"},
  {"platform":"Automattic","client":"mobile","n":"18215","fast":"0.10858549119447138","avg":"0.6988194112165995","slow":"0.19259509758892585"},
  {"platform":"Squarespace","client":"desktop","n":"13411","fast":"0.36237259808625516","avg":"0.5166027554193328","slow":"0.12102464649441134"},
  {"platform":"Weebly","client":"mobile","n":"9740","fast":"0.278819704269954","avg":"0.568725728832517","slow":"0.15245456689752745"},
  {"platform":"Flywheel","client":"mobile","n":"8632","fast":"0.3017226751792463","avg":"0.36062087666686105","slow":"0.33765644815388973"},
  {"platform":"Pantheon","client":"mobile","n":"8173","fast":"0.24661987948638145","avg":"0.4579963388413618","slow":"0.29538378167225193"},
  {"platform":"GitHub","client":"desktop","n":"7647","fast":"0.40696127352512435","avg":"0.49850861500803095","slow":"0.09453011146684621"},
  {"platform":"Acquia","client":"mobile","n":"7048","fast":"0.2598082012876032","avg":"0.4718081773942075","slow":"0.268383621318185"},
  {"platform":"Wix","client":"desktop","n":"6931","fast":"0.08463724264191913","avg":"0.6868657419553752","slow":"0.22849701540270512"},
  {"platform":"Automattic","client":"desktop","n":"5866","fast":"0.13896907530276928","avg":"0.6856630261737291","slow":"0.1753678985235019"},
  {"platform":"Flywheel","client":"desktop","n":"5500","fast":"0.32133003729998894","avg":"0.3690731723422505","slow":"0.3095967903577609"},
  {"platform":"Pantheon","client":"desktop","n":"4977","fast":"0.2984666432348694","avg":"0.46161080480840333","slow":"0.23992255195672896"},
  {"platform":"HubSpot","client":"mobile","n":"4721","fast":"0.23066852001367544","avg":"0.5698088529057963","slow":"0.1995226270805297"},
  {"platform":"Acquia","client":"desktop","n":"4545","fast":"0.3405979650847627","avg":"0.46324321474822916","slow":"0.19615882016700695"},
  {"platform":"GitHub","client":"mobile","n":"4465","fast":"0.3660209599501064","avg":"0.5175618421889937","slow":"0.11641719786090275"},
  {"platform":"Kinsta","client":"mobile","n":"3977","fast":"0.24851047510967947","avg":"0.42615426138866397","slow":"0.32533526350165726"},
  {"platform":"HubSpot","client":"desktop","n":"3261","fast":"0.27585949687222133","avg":"0.5944035250254146","slow":"0.12973697810236645"},
  {"platform":"Netlify","client":"mobile","n":"2940","fast":"0.30481516712611256","avg":"0.5284823409606366","slow":"0.16670249191325284"},
  {"platform":"Weebly","client":"desktop","n":"2866","fast":"0.3662564133772269","avg":"0.5251356523088843","slow":"0.10860793431388878"},
  {"platform":"Netlify","client":"desktop","n":"2727","fast":"0.3534215436746334","avg":"0.5051128807278006","slow":"0.14146557559756748"},
  {"platform":"Kinsta","client":"desktop","n":"2405","fast":"0.2548212250484601","avg":"0.44867121477221855","slow":"0.2965075601793252"},
  {"platform":"Liquid Web","client":"mobile","n":"1761","fast":"0.25564158030835044","avg":"0.44826819538293045","slow":"0.2960902243087204"},
  {"platform":"Liquid Web","client":"desktop","n":"1037","fast":"0.26047415323392364","avg":"0.4612950152760563","slow":"0.27823083149002237"},
  {"platform":"Seravo","client":"mobile","n":"546","fast":"0.342266961160102","avg":"0.5222072921240623","slow":"0.1355257467158371"},
  {"platform":"AlwaysData","client":"mobile","n":"525","fast":"0.2486381378508884","avg":"0.5373272152567409","slow":"0.2140346468923735"},
  {"platform":"Seravo","client":"desktop","n":"366","fast":"0.3194697029396939","avg":"0.5052779522601056","slow":"0.17525234480020177"},
  {"platform":"ZEIT Now","client":"mobile","n":"341","fast":"0.20188411884592836","avg":"0.4246731094117151","slow":"0.3734427717423585"},
  {"platform":"ZEIT Now","client":"desktop","n":"323","fast":"0.2500760944069321","avg":"0.4530423414213735","slow":"0.2968815641716958"},
  {"platform":"AlwaysData","client":"desktop","n":"318","fast":"0.306516611704886","avg":"0.48439339478709215","slow":"0.20908999350802265"}
]
