[
  {"platform":"Shopify","client":"mobile","n":61899,"fast":0.243506908619032,"avg":0.470409145456443,"slow":0.286083945924603},
  {"platform":"Shopify","client":"desktop","n":56915,"fast":0.231661770419174,"avg":0.492441506995913,"slow":0.275896722584936},
  {"platform":"Wix","client":"mobile","n":26049,"fast":0.126343230663412,"avg":0.659612056528097,"slow":0.214044712808506},
  {"platform":"SiteGround","client":"mobile","n":25958,"fast":0.176053595008849,"avg":0.296749326845284,"slow":0.527197078145913},
  {"platform":"Squarespace","client":"desktop","n":25400,"fast":0.353988336948197,"avg":0.525103903540869,"slow":0.120907759510942},
  {"platform":"Squarespace","client":"mobile","n":25382,"fast":0.283300751148621,"avg":0.5543374161939,"slow":0.162361832657511},
  {"platform":"SiteGround","client":"desktop","n":24297,"fast":0.159223984632089,"avg":0.363106165215734,"slow":0.477669850152183},
  {"platform":"Automattic","client":"mobile","n":16767,"fast":0.0921091195536749,"avg":0.684782941044339,"slow":0.223107939402009},
  {"platform":"Wix","client":"desktop","n":15698,"fast":0.245719304025714,"avg":0.595344342134864,"slow":0.158936353839422},
  {"platform":"Automattic","client":"desktop","n":15075,"fast":0.103665259514357,"avg":0.730483075742761,"slow":0.165851664742885},
  {"platform":"WP Engine","client":"desktop","n":10433,"fast":0.283291183192151,"avg":0.473014538498815,"slow":0.243694278309047},
  {"platform":"Pantheon","client":"desktop","n":8575,"fast":0.301408206377853,"avg":0.447829564458671,"slow":0.250762229163496},
  {"platform":"Flywheel","client":"desktop","n":8437,"fast":0.292462272145815,"avg":0.343514862582139,"slow":0.36402286527205},
  {"platform":"Weebly","client":"desktop","n":8341,"fast":0.373926000352864,"avg":0.537544893168764,"slow":0.0885291064783743},
  {"platform":"GitHub","client":"desktop","n":7996,"fast":0.391727334838277,"avg":0.51427618806573,"slow":0.0939964770960036},
  {"platform":"Flywheel","client":"mobile","n":7952,"fast":0.272095094994816,"avg":0.349125727003647,"slow":0.378779178001548},
  {"platform":"Pantheon","client":"mobile","n":7822,"fast":0.222109160700321,"avg":0.454630268165339,"slow":0.323260571134362},
  {"platform":"Weebly","client":"mobile","n":7642,"fast":0.242230536452486,"avg":0.593279183254538,"slow":0.164490280292977},
  {"platform":"Acquia","client":"desktop","n":6216,"fast":0.355530805074351,"avg":0.458703686780644,"slow":0.185765508145021},
  {"platform":"Acquia","client":"mobile","n":5980,"fast":0.233023067603795,"avg":0.487993206506518,"slow":0.278983725889709},
  {"platform":"HubSpot","client":"desktop","n":5184,"fast":0.176997334332878,"avg":0.654946551563236,"slow":0.168056114103886},
  {"platform":"Kinsta","client":"desktop","n":4598,"fast":0.230276566361014,"avg":0.424280106167684,"slow":0.345443327471295},
  {"platform":"WP Engine","client":"mobile","n":4499,"fast":0.206677566840917,"avg":0.521538818140889,"slow":0.271783615018189},
  {"platform":"Kinsta","client":"mobile","n":4461,"fast":0.220000095778276,"avg":0.400846701093322,"slow":0.379153203128403},
  {"platform":"HubSpot","client":"mobile","n":4429,"fast":0.167363036226468,"avg":0.573504521770184,"slow":0.259132442003337},
  {"platform":"GitHub","client":"mobile","n":4061,"fast":0.325770810299028,"avg":0.545624588421193,"slow":0.12860460127977},
  {"platform":"Netlify","client":"desktop","n":3717,"fast":0.346631046642151,"avg":0.513792690351366,"slow":0.139576263006479},
  {"platform":"Netlify","client":"mobile","n":3007,"fast":0.27140862606111,"avg":0.552022909305041,"slow":0.17656846463384},
  {"platform":"GoDaddy Website Builder","client":"mobile","n":2581,"fast":0.436362792741329,"avg":0.452538097317919,"slow":0.111099109940749},
  {"platform":"Liquid Web","client":"desktop","n":1874,"fast":0.253352723422873,"avg":0.457017342614263,"slow":0.289629933962859},
  {"platform":"Liquid Web","client":"mobile","n":1805,"fast":0.232474560042352,"avg":0.443381077725678,"slow":0.32414436223196},
  {"platform":"GoDaddy Website Builder","client":"desktop","n":1688,"fast":0.620586857270125,"avg":0.325744290190498,"slow":0.0536688525393764},
  {"platform":"Seravo","client":"mobile","n":574,"fast":0.326974272193241,"avg":0.536063097643425,"slow":0.136962630163333},
  {"platform":"Seravo","client":"desktop","n":481,"fast":0.337908258939179,"avg":0.504279010993377,"slow":0.157812730067444},
  {"platform":"AlwaysData","client":"desktop","n":432,"fast":0.293731665166222,"avg":0.514915424632077,"slow":0.191352910201701},
  {"platform":"AlwaysData","client":"mobile","n":424,"fast":0.243721493308005,"avg":0.571400727739904,"slow":0.184877778952093},
  {"platform":"ZEIT Now","client":"desktop","n":359,"fast":0.311137217383964,"avg":0.461307220807482,"slow":0.227555561808555},
  {"platform":"ZEIT Now","client":"mobile","n":289,"fast":0.232282776008353,"avg":0.412588882438654,"slow":0.355128341552994}
]
